rank,uri,artist_names,track_name,source,peak_rank,previous_rank,days_on_chart,streams
1,"spotify:track:1iLbUmb2b2btyAAcQ68a1p","Bizarrap, Milo j","Milo J: Bzrp Music Sessions, Vol. 57","DALE PLAY Records",1,1,4,"732075"
2,"spotify:track:7aPsseax6rNFyipHn9A5CR","Luck Ra, BM","La Morocha","Sony Music Entertainment Chile S.A",1,2,94,"709604"
3,"spotify:track:0H9WU0OIXPpbOVgzzOanXb","BM","Ni Una Ni Dos","DALE PLAY Records / Wesaisons Records",1,3,101,"528619"
4,"spotify:track:4sl3IoHskl2Kbdy27gZ4yn","Mesita","Una Foto","Turbo Diesel Records",4,5,46,"507145"
5,"spotify:track:3bRWGhpeNUkJfFydelSwBk","Emilia","GTA.mp3","Sony Music Latin",2,4,31,"477839"
6,"spotify:track:11PV8CaPqlto9Uejx92C35","Grupo Frontera, Ke Personajes","OJITOS ROJOS","Grupo Frontera",3,6,80,"457120"
7,"spotify:track:4SW9gHnW8NfKOdqmh0ij45","Bizarrap, Milo j","Fruto","DALE PLAY Records",7,9,4,"452632"
8,"spotify:track:6Z28dALKtAgZ7AZRfjMQjY","Big One, Ulises Bueno, Rusherking","Mentiras | CROSSOVER #3","Fifty One",4,7,75,"441793"
9,"spotify:track:3tiJUOfAEqIrLFRQgGgdoY","Big One, FMK, Ke Personajes","Un Finde | CROSSOVER #2","Fifty One",1,11,187,"411982"
10,"spotify:track:7ABLbnD53cQK00mhcaOUVG","Myke Towers","LALA","WEA Latina",1,8,108,"403780"
11,"spotify:track:6XbtvPmIpyCbjuT0e8cQtp","Quevedo","Columbia","Quevedo",1,12,94,"379330"
12,"spotify:track:3DeZc9cOc1DM8YNoJV8lAv","Bizarrap, Milo j","Toy en el Mic","DALE PLAY Records",10,10,4,"372811"
13,"spotify:track:4jn3R3KF5hx2fCiXlj89yE","YSY A, Bhavi, Milo j","FLECHAZO EN EL CENTRO","Ysy A",9,14,32,"353054"
14,"spotify:track:2HafqoJbgXdtjwCOvNEF14","iñigo quintero","Si No Estás","Acqustic",5,13,15,"350638"
15,"spotify:track:6jRZ33ifS5VOTMwmPxhPhN","Luck Ra, La K'onga, Ke Personajes","Ya No Vuelvas (Versión Cuarteto)","Sony Music Entertainment Chile S.A",1,18,311,"340429"
16,"spotify:track:0aPs3kmiqmt9QG7gWXdefA","Bizarrap, Milo j","No soy Eterno","DALE PLAY Records",16,17,4,"320666"
17,"spotify:track:3oNnzH6hmqIGIhJ1NcHlrh","Maria Becerra","CORAZÓN VACÍO","WEA Latina",1,15,108,"319251"
18,"spotify:track:04sktg3deiYUweHfbFUZTM","Los Ángeles Azules, Maria Becerra","El Amor de Mi Vida","OCESA Seitrack",11,16,52,"316372"
19,"spotify:track:5RqSsdzTNPX1uzkmlHCFvK","KAROL G, Peso Pluma","QLONA","Bichota/Interscope Records",13,19,54,"306946"
20,"spotify:track:1Hs1uUl8o2VtDp1DABFq0O","LIT killah, Tiago PZK, Maria Becerra, Duki, Emilia, Rusherking, Big One, FMK","Los del Espacio","WEA Latina",1,20,129,"299002"
21,"spotify:track:7v7RTZrtBsoENSPD0SCMLy","BM, Hernan y La Champion's Liga","DIME SI ERES FELIZ VOL.2","DALE PLAY Records / Wesaisons Records",15,22,39,"286823"
22,"spotify:track:4zYHsmc2V9RyR8eOA0mlx6","Bizarrap, Milo j","Penas de Antaño","DALE PLAY Records",20,21,4,"285118"
23,"spotify:track:7xX7bER73YZSE4m76OpMXV","FMK, Emilia","Salgo a Bailar","Sony Music Entertainment Chile S.A",12,24,87,"274282"
24,"spotify:track:6r0TaoZh1Oc1KkuL4rC1kB","Nicki Nicole, Milo j","DISPARA ***","Sony Music Latin/DALE PLAY Records",7,25,144,"268361"
25,"spotify:track:6irysuQyZWd7Bjj7ePiOs2","JHAYCO","Holanda","N&E Entertainment LLC",11,23,59,"267838"
26,"spotify:track:6CIMoDfTsvFVGhFi3v9Izn","Alan Gomez, Luck Ra","Luck Ra | Mission 15","WM Chile",14,29,143,"267000"
27,"spotify:track:7MVIfkyzuUmQ716j8U7yGR","Milo j, Taiu","Rara Vez","Universal Music Argentina S.A.",2,30,239,"266029"
28,"spotify:track:1AX4aybSRyXHWrjg27wTFE","Ke Personajes, Onda Sabanera","Pobre Corazón - En Vivo","Ke Personajes",2,31,216,"264641"
29,"spotify:track:3ezO8gfskSWM3rk0GTfhFl","Emanero, Ulises Bueno, Migrantes, Los Palmeras","ATORRANTE - con Los Palmeras","Fifty One",12,27,95,"262462"
30,"spotify:track:2bNCiY24Eh4saMcc23bvUN","Maria Becerra","ADIÓS","300 Entertainment",4,26,304,"258812"
31,"spotify:track:0J9g1MMJDhyvOb3NWckHMm","Bad Gyal, Tokischa, Young Miko","Chulo pt.2","Universal Music Latino/Interscope",10,28,102,"257486"
32,"spotify:track:7w7BrPbOjF5OxChs2dxFve","Big One, Emilia, Callejero Fino","En La Intimidad | CROSSOVER #1","Fifty One",1,32,249,"242230"
33,"spotify:track:5w7RsSgxxBwdVTSyQDj8Bi","The La Planta, BM, Alejo Isakk, Locura Mix","DISCOTEKA (feat. Locura Mix)","NES Play",12,34,220,"241916"
34,"spotify:track:6hwGwCfCwHoSJQw7AYPEQu","Jere Klein, Gittobeatz","ANDO","Jere Klein",34,36,11,"237307"
35,"spotify:track:6XSqqQIy7Lm7SnwxS4NrGx","Feid, Young Miko","CLASSY 101","UMLE - Latino",3,35,192,"233765"
36,"spotify:track:2UIiJWTPP2BLPZKHbe4nhP","Alan Gomez, BM","BM | Mission 18","WM Chile",28,37,59,"231449"
37,"spotify:track:63ui2w3QJBp8xx0c1MJB2Z","Bad Bunny","UN PREVIEW","Rimas Entertainment LLC",21,33,13,"226621"
38,"spotify:track:3WndNMJo029mMO64l9hGFm","Mesita","Dale Mecha","Turbo Diesel Records",12,39,158,"222785"
39,"spotify:track:2iIBpwP4FyQ95xgVail3yr","Emilia, LUDMILLA, ZECCA","No_se_ve.mp3","2023 WK Records",5,38,158,"222459"
40,"spotify:track:6abr2lKyMZTy21gSPWm7aG","Ke Personajes","Entre Beso y Beso","Ke Personajes",36,41,38,"207262"
41,"spotify:track:7HrgGbnNKZKhBL70aFKpXk","Marka Akme, DJ Tao, Lauty Gram, Migrantes, Peipper","Linda - Remix","NES Play",41,45,9,"205658"
42,"spotify:track:7BVMtLpd7edHeOizt4RWz9","Yahritza Y Su Esencia, Grupo Frontera","Frágil","Lumbre Music/Columbia",24,42,160,"204590"
43,"spotify:track:5FWQLEX0lavdxiWGBNkBQ4","Tiago PZK, TINI","Me Enteré","WEA Latina",3,40,143,"202952"
44,"spotify:track:0ccUrj1mliFnR8R8VxCmKO","Ke Personajes, La Contra","Otro Día Más","Ke Personajes",28,43,330,"202848"
45,"spotify:track:28iQz5gnZyqhUebzeOYCwH","Trueno","TRANKY FUNKY","Sony Music Latin",35,44,57,"194306"
46,"spotify:track:0zIA89ERtLoWZF8zMYgWoL","DJ Tao, BM","BM | DJ TAO Turreo Sessions #17","WM Chile",27,46,129,"186038"
47,"spotify:track:5O9IqFNUVtjRlDpdKex3YH","El negro tecla","Ahi Ahi","WM Argentina",43,47,31,"184292"
48,"spotify:track:6HT88WDVwEJiHEbPuQ5XcB","Damas Gratis, Ke Personajes","Costumbres - Vivo","Pelo Music S.A.",17,50,316,"169647"
49,"spotify:track:2yzshFeBIwH8tWIqHEFLeD","Grupo Frontera, Bad Bunny","un x100to","Grupo Frontera",2,48,175,"161395"
50,"spotify:track:2UW7JaomAMuX9pZrjVpHAU","Yng Lvcas, Peso Pluma","La Bebe - Remix","WM Mexico",2,49,200,"161198"
51,"spotify:track:7HdEUquZzUzPjgSllvlJGl","Luck Ra, La T y La M, Rusherking","Quiero Creer","Sony Music Entertainment Chile S.A",9,53,248,"137087"
52,"spotify:track:21N77gfWYoQDvrLvaeiQgi","Rauw Alejandro, Bizarrap","BABY HELLO","Sony Music Latin/Duars Entertainment",40,54,108,"134165"
53,"spotify:track:7JB29gnUowzSGRdIpeVqRQ","BM, Callejero Fino, La Joaqui, Lola Indigo","M.A - Remix","DALE PLAY Records / Wesaisons Records",2,59,186,"130291"
54,"spotify:track:0Me3GyNuLOa1YTIxhJPyCn","Enrique Iglesias, Maria Becerra","ASI ES LA VIDA","Sony Music Latin",40,52,10,"129871"
55,"spotify:track:54zcJnb3tp9c5OVKREZ1Is","KAROL G","MI EX TENÍA RAZÓN","Bichota/Interscope Records",29,51,59,"126161"
56,"spotify:track:0YEEjKSnpzboTA5kKhIaF0","elaggume, Alejo Isakk, Locura Mix, Fauna Music, Eme Sarav","Con Tu Amiga","Fauna Music",54,60,28,"124174"
57,"spotify:track:2iNmegOcdmt4peYrh9S8qI","Emilia","Jagger.mp3","Sony Music Latin",6,55,192,"123765"
58,"spotify:track:4xU4XeklG562EnanWzpY3A","Young Miko","wiggy","The Wave Music Group",31,58,79,"123122"
59,"spotify:track:367069JY6QWPaCJM21OVBC","La Delio Valdez, Ke Personajes","Adiós Amor","Delirio Valdez",50,62,63,"121544"
60,"spotify:track:5UcWUgWfR2Ir0EXSb1EpoM","Nicki Nicole, Young Miko","8 AM","Sony Music Latin/DALE PLAY Records",23,57,143,"117998"
61,"spotify:track:1tgWvt78QUQrghdsbiteyZ","LIT killah, Tiago PZK, Big One","LuXxX","WEA Latina",39,56,17,"116029"
62,"spotify:track:1fKFxmSByZfjwVSbq0PHye","Ke Personajes","Si No Te Tengo / Ángel / Aquello Que Pasó","Ke Personajes",16,65,760,"112499"
63,"spotify:track:3nr6dW6yGOd6UX3KOpkbMZ","Jere Klein, Nicki Nicole","X ESO BB","DALE PLAY Records",39,61,58,"109569"
64,"spotify:track:0hvsOvo1zARlNnmHNhrxIF","Ke Personajes","Adiós Amor / Oye Mujer","Ke Personajes",42,69,341,"106909"
65,"spotify:track:2vEY9OdhUx7oFOjcbmIrwt","Gusty dj, Lolo OG, DobleP","El Motorcito - Remix","GUSTY DJ",51,68,152,"106774"
66,"spotify:track:3tt9i3Hhzq84dPS8H7iSiJ","Manuel Turizo","La Bachata","Sony Music Latin/La Industria",1,63,486,"105463"
67,"spotify:track:3LzAFrnO7CxaeBgtQhHsAP","Brray, Anuel AA, Chencho Corleone, JHAYCO, Ryan Castro","Corazón Roto pt. 3","UMLE - Latino",52,64,30,"103785"
68,"spotify:track:6UR1k5NGqgNGzgVmMtT768","El Jordan 23, los patos feos inc, Nes","Cabaña","Rimas Entertainment México S.A. de C.V",25,67,88,"102909"
69,"spotify:track:3cDyocF0Ibdfs1SFQk5cLZ","Darell","Lollipop","Sony Music Latin",69,74,5,"102672"
70,"spotify:track:1DxEbt6OSbrkRthk6pjZue","LiL CaKe, Migrantes, Nico Valdi","MERCHO","Sony Music Argentina",4,66,266,"101433"
71,"spotify:track:7mMmRGHCrxF8T3opGtrpHh","BM, Phontana","Ven Mami","Wesaisons Records",54,72,238,"98484"
72,"spotify:track:0iVcmJx7r74F7mTf7M6s0v","DobleP, Lauty Gram, Gusty dj","Me Escapé","DALE PLAY Records / Wesaisons Records",72,78,12,"98473"
73,"spotify:track:2FsKAVOxpmnxhxmEsqrZOD","La Champions Liga","Dime si eres feliz","Magenta",70,118,163,"98199"
74,"spotify:track:2tTmW7RDtMQtBk7m2rYeSw","Bizarrap, Quevedo","Quevedo: Bzrp Music Sessions, Vol. 52","DALE PLAY Records",1,70,460,"97082"
75,"spotify:track:61wAL7pFMMfvYv9SXIiYAB","BM, Phontana","M.A (Mejores Amigos)","Wesaisons Records",1,73,335,"96858"
76,"spotify:track:3eOkhJYDaTELGhWHBNbf4A","Milo j","AL BORDE","DALE PLAY Records",26,71,178,"96529"
77,"spotify:track:1PSlMgsJ0V7pUeumk13fbs","Tiago PZK, ZECCA","ASQUEROSO","WEA Latina",36,75,87,"95008"
78,"spotify:track:6YUYwOLhR01HusDZkttH7k","Los Ángeles Azules, Nicki Nicole","Otra Noche","OCESA Seitrack",10,84,696,"92579"
79,"spotify:track:6LBpjWMfy1NUfyxAJbcMRs","La K'onga, Nahuel Pennisi","Universo Paralelo","Leader Music",2,90,697,"90910"
80,"spotify:track:45dlaEXrXW47TVbrQ4gK7E","Rei, Callejero Fino","Tu Turrito","DALE PLAY Records",2,95,521,"89536"
81,"spotify:track:49NZwle2I8qI9BPsiRNjre","Tiago PZK, Trueno","Salimo de Noche","WEA Latina",1,94,454,"88948"
82,"spotify:track:4Rs4ijFlNvhJ2fuRFNCH9h","MYA, La K'onga","MYA LIVE P2: Corazón Guerrero","Sony Music Entertainment Chile S.A",61,80,117,"88581"
83,"spotify:track:10zSgbysU2KyVTrcRmtu62","Airbag","Por Mil Noches","DALE PLAY Records / Airbag",54,88,1377,"88171"
84,"spotify:track:04ndZkbKGthTgYSv3xS7en","TINI","Cupido","5020 Records",3,76,236,"88079"
85,"spotify:track:4WiQA1AGWHFvaxBU6bHghs","Quevedo","PUNTO G","Quevedo",3,77,339,"87230"
86,"spotify:track:0RpL1pOALdN5E4Ci1tYG1y","Maria Becerra, Fast & Furious: The Fast Saga","Te Cura","APG Inc – FF10",15,81,143,"87158"
87,"spotify:track:1DFDbSWdESvzWHHAe6BCQ3","La Delio Valdez","Inocente","Delirio Valdez",27,93,945,"85053"
88,"spotify:track:3KZCP2StVGdWkOKyRZNWA4","Plan B","Es un Secreto","Pina Records",68,92,319,"83707"
89,"spotify:track:0DWdj2oZMBFSzRsi2Cvfzf","KAROL G, Shakira","TQG","BICHOTA RECORDS / INTERSCOPE RECORDS / UNIVERSAL MUSIC LATINO",2,79,227,"83702"
90,"spotify:track:7onMf0QvWgRba2MRxG27yj","La K'onga","El Mismo Aire","Leader Music",5,109,1031,"83098"
91,"spotify:track:0RD94y2DlYTzEePb4WuVbU","Nicki Nicole, Rels B","qué le pasa conmigo?","Sony Music Latin/DALE PLAY Records",23,82,172,"83078"
92,"spotify:track:5wjsJIUf6pdrwauPDae43o","Shakira, Fuerza Regida","El Jefe","Sony Music Latin",60,83,17,"82891"
93,"spotify:track:4yaaJjSiZKDby86zsbFAd4","Trueno","OHH BABY","Sony Music Latin",85,97,10,"82086"
94,"spotify:track:4aEOz6ZpXh3wF4FOdJHOPV","Wolfine, Ñejo","Escápate Conmigo - Remix","LOMIORECORDS",68,87,129,"81988"
95,"spotify:track:3qQbCzHBycnDpGskqOWY0E","Eslabon Armado, Peso Pluma","Ella Baila Sola","DEL Records",4,100,182,"81674"
96,"spotify:track:4J1vAbtAhMdsdpO1sKU3EO","La T y La M","Pa' la Selección","GraceMusic",1,96,299,"81659"
97,"spotify:track:7ro0hRteUMfnOioTFI5TG1","Bad Bunny","WHERE SHE GOES","Rimas Entertainment LLC",11,89,143,"81598"
98,"spotify:track:4bw8mcDUSRWfQo63ZTYRnU","Maluma, Carin Leon","Según Quién","Sony Music Latin",61,85,19,"81473"
99,"spotify:track:1dJhW3HRdLnySFEUhf6VRh","Milo j","MORNING","DALE PLAY Records",34,105,212,"80706"
100,"spotify:track:6BaE9YFxMmXVeo8vm33pdH","Luck Ra, La K'onga","Bebe Dame","Sony Music Entertainment Chile S.A",66,104,162,"80236"
101,"spotify:track:4PMi46eDFyLmHKKtVTrDGb","Milo j","Rincón","DALE PLAY Records",27,106,90,"79664"
102,"spotify:track:3N6rAKpPraBOZqn9RhSrz0","DJ Alex, La Joaqui","DJ ALEX, LA JOAQUI - TU AMOR | E7","DJ ALEX bajo licencia a DALE PLAY",9,121,382,"79423"
103,"spotify:track:44fsHeGMWo6WgucLYeyONa","WOS","MORFEO","DOGUITO Records / DALE PLAY Records",61,86,3,"79135"
104,"spotify:track:6MuJUSYCqA4FpMogUHzb2R","No Te Va Gustar","Ese Maldito Momento","Elefante Blanco",71,102,651,"79072"
105,"spotify:track:3J3yRkO999AgZT4LMum1Yc","El Villano, BM, Migrantes","Amigo Remix","Espantapájaros",93,115,77,"78687"
106,"spotify:track:3EcCc1U405tm8yKm1x6Y8W","La K'onga","Te Mentiría","Leader Music",8,124,871,"77767"
107,"spotify:track:6ebo7CQn4ILLGvXRmXHhQz","TINI, Maria Becerra","Miénteme","5020 Records",1,98,893,"77299"
108,"spotify:track:7vFESQCFxuL38hNbTCtUDu","Milo j","Milagrosa","DALE PLAY Records",16,107,291,"77020"
109,"spotify:track:2CeKVsFFXG4QzA415QygGb","Feid","Feliz Cumpleaños Ferxxo","UMLE - Latino",18,99,402,"76635"
110,"spotify:track:51FvjPEGKq2zByeeEQ43V9","Marshmello, Manuel Turizo","El Merengue","Sony Music Latin",26,91,220,"76288"
111,"spotify:track:4yPmTUkWmUfLPQLCccp0DR","TINI, La Joaqui, Steve Aoki","Muñecas","5020 Records",2,108,270,"73878"
112,"spotify:track:7bPp2NmpmyhLJ7zWazAXMu","Peso Pluma, Grupo Frontera","TULUM","Double P Records",57,113,100,"73274"
113,"spotify:track:60DHrnRAhNJMy4WeEf23NH","La Joaqui, Alan Gomez, EL NOBA","Butakera","DALE PLAY Records / GOAT Records",4,135,424,"73045"
114,"spotify:track:1v4ggzkdNysd77L7oJ6GmU","Ke Personajes","Disfruto","Ke Personajes",50,119,577,"72989"
115,"spotify:track:0CgpCtEPvyDizcg2p47VrU","No Te Va Gustar","A las Nueve","Elefante Blanco",64,128,1667,"72794"
116,"spotify:track:3fjN3y5x4hN53rykAN2LHQ","Rels B","cómo dormiste?","DALE PLAY Records / Flakk Team",2,120,431,"72647"
117,"spotify:track:4I9WKQdCuHMzQSFpP1k6Tu","Bhavi, Duki, Milo j, LIT killah","AEROBICO REMIX","DALE PLAY Records",31,101,66,"72372"
118,"spotify:track:4FAKtPVycI4DxoOHC01YqD","Yandel, Feid","Yandel 150","La Leyenda LLC",5,111,279,"72005"
119,"spotify:track:0T2pB7P1VdXPhLdQZ488uH","Feid","Normal","UMLE - Latino",26,112,456,"71917"
120,"spotify:track:4qXWX3OmEKp0YCnnxJqTMO","La Joaqui, Salastkbron, Gusty dj","Dos Besitos","DALE PLAY Records / GOAT Records",2,134,343,"71555"
121,"spotify:track:6U7yEVppOLVvWCKYnSAjC6","Milo j","Morocha","DALE PLAY Records",50,127,234,"71509"
122,"spotify:track:0poQY3RMThmIiutOGv3yH3","Maria Becerra","AUTOMÁTICO","300 Entertainment",3,103,395,"71331"
123,"spotify:track:2x8oBuYaObjqHqgGuIUZ0b","WOS","ARRANCÁRMELO","DOGUITO Records / DALE PLAY Records",1,126,550,"71179"
124,"spotify:track:6bLvfGI2XeU5DTl8feuNrk","Ke Personajes","Cómo estás","Ke Personajes",18,133,1427,"71060"
125,"spotify:track:0vUqiSvbUICW3YtTA5ecSX","Miranda!, Maria Becerra, FMK","Perfecta (Versión 2023)","Sony Music Argentina",7,110,173,"70922"
126,"spotify:track:5rGorQ0R06XveTJXMd3QRi","Rusherking, Dread Mar I","Perfecta","Rusherking",4,114,374,"70694"
127,"spotify:track:5AqiaZwhmC6dIbgWrD5SzV","Bizarrap, Peso Pluma","Peso Pluma: Bzrp Music Sessions, Vol. 55","DALE PLAY Records",1,130,130,"70218"
128,"spotify:track:6k5wiT5l9DK8iZmhvEvoqo","Brray, JHAYCO, Ryan Castro","Corazón Roto - Remix","UMLE - Latino",51,116,110,"69844"
129,"spotify:track:79v3sImuaCmWvOn1Au1EZU","Huguito Flores el Super","Te hubieras ido antes","Oveja Records",45,142,16,"69742"
130,"spotify:track:4nrPB8O7Y7wsOCJdgXkthe","Bizarrap, Shakira","Shakira: Bzrp Music Sessions, Vol. 53","DALE PLAY Records",1,122,270,"68796"
131,"spotify:track:0Iozrbed8spxoBnmtBMshO","Quevedo","WANDA","Quevedo",37,125,262,"68426"
132,"spotify:track:2WFrChyI5KlmxunG45Sqws","La K'onga, Matías Valdez","Latidos","Leader Music",83,141,236,"68282"
133,"spotify:track:4L2v8fOruCUk2wbXC0PKHt","Nicki Nicole, YSY A","CAEN LAS ESTRELLAS","Sony Music Latin/DALE PLAY Records",28,147,143,"68191"
134,"spotify:track:7x9aauaA9cu6tyfpHnqDLo","Jung Kook, Latto","Seven (feat. Latto)","BIGHIT MUSIC",31,136,87,"67647"
135,"spotify:track:0ZAJ660VP57lLK4U7NlGOy","Intoxicados","Nunca quise","Pop Art",65,150,2435,"67498"
136,"spotify:track:3jrn71DBQDQsenUUNspQwe","Maria Becerra, Rafaga","ADIÓS (Live Version)","300 Entertainment",53,137,178,"67014"
137,"spotify:track:1zsPaEkglFvxjAhrM8yhpr","Ozuna, Feid","Hey Mor","Aura Music Corp.",7,129,360,"65544"
138,"spotify:track:4sDpxaulErbJ9NBaJDC7cJ","Quevedo, SAIKO","Buenas","Quevedo",68,131,17,"65374"
139,"spotify:track:1rEsfHhBFTuTPekF8M5O3f","TINI","La Triple T","5020 Records",1,123,522,"64549"
140,"spotify:track:5RlibNUdsaN2oPX9MWl52K","Maria Becerra","OJALÁ","300 Entertainment",1,117,494,"63916"
141,"spotify:track:5q86iSKkBtOoNkdgEDY5WV","Quevedo","VISTA AL MAR","Quevedo",9,132,395,"63848"
142,"spotify:track:0NO2zL0kw8sGGnaMvHKAZF","Cris Mj, Duki, Nicki Nicole, Standly, Stars Music Chile","Marisola - Remix","Virgin Music Chile",1,140,297,"62867"
143,"spotify:track:2qBirMakpTdz9ymxrZEyzg","Luis Alberto Spinetta","Seguir Viviendo Sin Tu Amor","EMI Argentina",55,176,2113,"62629"
144,"spotify:track:5jt25aFjW2kNoBqaEVaz5W","Mora, Feid","LA INOCENTE","Rimas Entertainment LLC",64,138,508,"62308"
145,"spotify:track:6Vp8EcHAHjC9u7Qnsn2kob","ECKO, Callejero Fino, El Perro","Te Escapas De Mis Brazos (Remix)","WM Chile",10,153,218,"61232"
146,"spotify:track:44m9PAUZYeOEGeaTYh6NAl","No Te Va Gustar, Juan Casanova","Tan Lejos","Elefante Blanco",134,155,497,"60852"
147,"spotify:track:6Sq7ltF9Qa7SNFBsV5Cogx","Bad Bunny, Chencho Corleone","Me Porto Bonito","Rimas Entertainment LLC",1,144,521,"60724"
148,"spotify:track:2srKgu7hvh8cmIWmfwOz70","Los Cadiz","Te Voy a Amar","Los Cadiz",115,175,21,"60661"
149,"spotify:track:57WroSoheS9bWCtALlXA1t","YSY A, Bhavi, DrefQuila","TUUUYO","Ysy A",51,143,32,"60266"
150,"spotify:track:2WOEp6Kyh7CKCq4FTpUOtA","DJ Tao, Luck Ra","LUCK RA | DJ TAO Turreo Sessions #19","WM Chile",83,160,59,"60262"
151,"spotify:track:3oqWr0jDWNXxWufNogGREp","Gustavo Cerati","Crimen","Ariola",66,172,2375,"60178"
152,"spotify:track:01qFKNWq73UfEslI0GvumE","Jung Kook, Jack Harlow","3D (feat. Jack Harlow)","BIGHIT MUSIC",68,158,10,"60008"
153,"spotify:track:7upAH0ezzsThyvr33YKn4u","Turf","Pasos Al Costado","Pop Art",96,167,1836,"59788"
154,"spotify:track:7lLc3W3Yb2vGOrkuK0N0XH","Salastkbron, Alejo Isakk, Gusty dj","La Chispa Es Una","WEA Latina",62,157,146,"59524"
155,"spotify:track:1p7m9H4H8s0Y7SgRm7j3ED","Andrés Calamaro","Flaca","DRO/EastWest Spain",90,170,1879,"59372"
156,"spotify:track:703pazG4eZUZHohBBgs4SM","Huguito Flores el Super","Manos de Tijera","Oveja Records",52,177,13,"58765"
157,"spotify:track:3fUZbg31mIJKIxuv8nUcGg","DJ Tao, Callejero Fino","CALLEJERO FINO | DJ TAO Turreo Sessions #723","WM Chile",4,173,340,"58721"
158,"spotify:track:15dTKnZC0DJhW6Ch9wLNyk","Duki","TROYA","DALE PLAY Records / SSJ Records",33,145,17,"58390"
159,"spotify:track:0TUW9faHNaBmi89wsYGp9y","Trueno, Nicki Nicole, Bizarrap, Taiu, TATOOL","Mamichula - con Nicki Nicole","NEUEN",1,159,702,"58385"
160,"spotify:track:5NBkC1uUDs8PtDhRwpyS7p","YSY A, Bhavi, Tiago PZK","MI CIUDAD","Ysy A",21,149,38,"58297"
161,"spotify:track:4PA1wK0leCjmRZlP5dQ8Lv","Sky Rompiendo, Feid, Myke Towers","El Cielo","Sony Music Latin",25,152,129,"57353"
162,"spotify:track:65DBZofI0b79kfHTcWWDuU","Soda Stereo","Trátame Suavemente - Remasterizado 2007","Columbia",81,171,2120,"57241"
163,"spotify:track:6VAS7m73rDopQe7BdrFMpD","Bizarrap, Tiago PZK","Tiago PZK: Bzrp Music Sessions, Vol. 48","DALE PLAY Records",1,165,648,"57045"
164,"spotify:track:505v13epFXodT9fVAJ6h8k","KAROL G","AMARGURA","BICHOTA RECORDS / INTERSCOPE RECORDS / UNIVERSAL MUSIC LATINO",85,146,142,"56708"
165,"spotify:track:4Ngtr8wWqF8wNanDkG5OhG","DobleP, PACOREMIX","DISCULPE OFICIAL","DOBLE P",134,182,27,"56437"
166,"spotify:track:6Pjzy9avwlVr4UAbxkQQmh","XG","NEW DANCE","XGALX",166,-1,1,"56090"
167,"spotify:track:7DhYjNLksXZhbRQeheAums","Bacilos","Caraluna","WEA Latina",103,161,85,"56030"
168,"spotify:track:609E1JCInJncactoMmkDon","ROSALÍA, Rauw Alejandro","BESO","Columbia Records/Duars Entertainment/Sony Music Latin",7,139,199,"55901"
169,"spotify:track:1MRhIdcloOD0uiiG3ybXGX","Patricio Rey y sus Redonditos de Ricota","Un Poco de Amor Francés","Patricio Rey Discos",114,163,887,"55698"
170,"spotify:track:3k3NWokhRRkEPhCzPmV8TW","Bad Bunny, Bomba Estéreo","Ojitos Lindos","Rimas Entertainment LLC",1,154,521,"55559"
171,"spotify:track:0Dl34Kegtc0y0m0oPhQfiI","Maria Becerra","LA NENA DE ARGENTINA","300 Entertainment",18,151,304,"55531"
172,"spotify:track:53tfEupEzQRtVFOeZvk7xq","ROSALÍA","DESPECHÁ","Columbia",3,162,438,"55062"
173,"spotify:track:0Sfn2TYbpQtCGMBf6C0Y6T","Quevedo, Myke Towers","PLAYA DEL INGLÉS","Quevedo",18,174,297,"55007"
174,"spotify:track:67Q93kXygxCskeQiIP0V0j","Ciro y los Persas","Me Gusta","300 Producciones",68,199,2320,"54420"
175,"spotify:track:2PkTjm1QAJCZbJ9MqC4RqA","Fito Paez","11 Y 6","EMI Argentina",57,192,467,"53578"
176,"spotify:track:4HYDUMY0xSpeBr0AMY9cUz","Jay Wheeler, DJ Nelson, Myke Towers","La Curiosidad","Linked Music / Dynamic Records / EMPIRE",2,148,775,"53111"
177,"spotify:track:7Ji2e01og2QOFBd8mnVF8L","Milo j","Tus Vueltas","DALE PLAY Records",153,200,33,"53053"
178,"spotify:track:2NFadq6pUeiVEihLvUlOSr","Bizarrap, Rauw Alejandro","Rauw Alejandro: Bzrp Music Sessions, Vol. 56","DALE PLAY Records",4,166,96,"52845"
179,"spotify:track:7FwSZyO5ynlN0OJGVOjE6k","Yami Safdie, Milo j","El Bolero","WM Argentina",60,191,159,"52784"
180,"spotify:track:4rBQxFVwTnf99p818azSon","Maria Becerra","DESAFIANDO EL DESTINO","300 Entertainment",52,168,267,"52438"
181,"spotify:track:4cOtPoRkhDVxmr1gaB0hDi","Ke Personajes, La T y La M","Ya Fue","Ke Personajes",64,185,260,"52255"
182,"spotify:track:2LgxW2t2H6lAf7tJuOnxxj","Duki","Antes de Perderte","DALE PLAY Records / SSJ Records",6,178,493,"52014"
183,"spotify:track:0crVjW9Jz8ktVuVXoUi187","Young Miko, Jowell & Randy","ID","The Wave Music Group",76,169,121,"51920"
184,"spotify:track:7exaYYNN99DHkbZuHOZWO3","Matías Valdez","Latidos","Montevideo Music Group",98,179,179,"51376"
185,"spotify:track:6ifUES3keWjwXgae8pXI3o","Danny Ocean","Me Rehúso","Atlantic Records",1,187,1135,"51358"
186,"spotify:track:44FzVABpR2cciquTqADA0D","Young Miko","Lisa","The Wave Music Group",37,184,214,"51268"
187,"spotify:track:1MB8kTH7VKvAMfL9SHgJmG","Sebastian Yatra, Manuel Turizo, Beéle","Vagabundo","UMLE - Latino",71,156,149,"51193"
188,"spotify:track:3lCbsHaN1wCxyDzcNN2x4N","Migrantes, Alico","Si Me Tomo Una Cerveza","LEB Records",1,-1,585,"51101"
189,"spotify:track:1TeZLwdMTWZvX9wDPokRM3","El Rodri","Toda / Tu Bandolero / PORFA","KDG Records",175,-1,8,"50854"
190,"spotify:track:5ISajXj2M1yvkrC0KsgbR5","Los del Fuego","Jurabas Tu","Los del Fuego",39,-1,246,"50601"
191,"spotify:track:7vL8ZEvLOXXW9SiL9ulZRZ","Ke Personajes","Lo Que Me Duele / Y Que Pasó","Ke Personajes",94,194,198,"50380"
192,"spotify:track:6d4d6cwiAf59mKxoRmXQoK","Babasonicos","Irresponsables","Pop Art",104,-1,166,"50273"
193,"spotify:track:03a359wbiUsjN9h6yzXvmS","Duki, KHEA","She Don't Give a Fo","DALE PLAY Records",3,-1,1320,"50221"
194,"spotify:track:6VPIaZNNJFOY9U17geQz1o","Los Abuelos De La Nada","Lunes Por La Madrugada","Universal Music Argentina S.A.",150,-1,82,"50200"
195,"spotify:track:3tddzXTgneWrkV2cYNUBZe","El Polaco","Deja De Llorar","Magenta",61,-1,367,"50083"
196,"spotify:track:2WD9ggmpZE7Wodh3qVVCgg","Soda Stereo","De Música Ligera - Remasterizado 2007","Columbia",127,-1,739,"50043"
197,"spotify:track:1j6xOGusnyXq3l6IryKF3G","Piso 21, Manuel Turizo","Déjala Que Vuelva (feat. Manuel Turizo)","WM Mexico",3,-1,604,"49965"
198,"spotify:track:4I4FFtKZLtyqw4he9pPtL7","Lauty Gram","Vida Gangster","Lautygram",16,-1,224,"49611"
199,"spotify:track:2GVahxIzxivfRZc8lR39Ms","Rei, Quevedo","FERNET","DALE PLAY Records",7,-1,384,"49419"
200,"spotify:track:0WuKq2LiraBFney78dzwoc","Ciro y los Persas","Mírenla","300 Producciones",85,-1,1090,"49402"
