rank,uri,artist_names,track_name,source,peak_rank,previous_rank,days_on_chart,streams
1,"spotify:track:03LfOYi0icz4souspZVVhq","Bizarrap, Nicky Jam","Nicky Jam: Bzrp Music Sessions, Vol. 41","DALE PLAY Records",1,1,10,"616851"
2,"spotify:track:74znaWw1hmQBusGPSOuTFy","MYA, TINI, Duki","2:50 Remix","Columbia",1,2,19,"575065"
3,"spotify:track:6hf0RpxTbOprT5nnwzkk8e","J Balvin, Maria Becerra","Qué Más Pues?","Sueños Globales, LLC",1,3,43,"572488"
4,"spotify:track:7COGuXyTr12KvdaYXMqheC","BANDIDO, Duki, Rei, Tiago PZK","No Me Conocen (Remix) [con DUKI, Rei & Tiago PZK]","DALE PLAY Records",3,4,23,"553661"
5,"spotify:track:5RwV8BvLfX5injfqYodke9","Rauw Alejandro","Todo De Ti","Sony Music Latin/Duars Entertainment",1,5,50,"490149"
6,"spotify:track:2JPLbjOn0wPCngEot2STUS","Bad Bunny","Yonaguni","Rimas Entertainment LLC",3,6,36,"434597"
7,"spotify:track:0cOa970mzTWAxKtltpkpLc","TINI, Maria Becerra","Miénteme","Sony Music Latin",1,7,72,"404098"
8,"spotify:track:05bfbizlM5AX6Mf1RRyMho","Nio Garcia, J Balvin, Bad Bunny","AM Remix","Flow La Movie",7,8,15,"383368"
9,"spotify:track:2LtTHIXTaFwvY9oLOThElU","Maria Becerra, Tiago PZK","Cazame","300 Entertainment",5,9,29,"321013"
10,"spotify:track:6w8yBI2vthyN9UnwO4UBWb","Tiago PZK, LIT killah","Entre Nosotros","WM Chile",10,-1,1,"305653"
11,"spotify:track:4M4DTyLupKvbJKlE4I4EYq","FMK, Tiago PZK, LIT killah, Rusherking","YO SE QUE TU (feat. Rusherking)","Columbia",3,10,58,"286286"
12,"spotify:track:2rCbl9naJYhaxjLsfx88uM","Sebastian Yatra, Myke Towers","Pareja Del Año","UMLE - Latino",2,11,85,"254304"
13,"spotify:track:43qcs9NpJhDxtG91zxFkj7","Wisin, JHAYCO, Anuel AA, Los Legendarios, Myke Towers","Fiel - Remix","La Base Music Group/ WK Records",12,12,24,"245300"
14,"spotify:track:1WedZeiezCmCEOzLwhx0hV","J Balvin, KAROL G, Nicky Jam, Crissin, Totoy El Frio, Natan & Shander","Poblado - Remix","Universal Music Latino",13,14,22,"236452"
15,"spotify:track:27t4JURZ1Tv7a3zMfPneAw","Bruno LC, Blunted Vato, Mesita","BLUNTED 5 - Remix","Bruno Lopez",12,17,67,"223611"
16,"spotify:track:74UFJflGMdA46TltO7XPSB","KHEA, Maria Becerra","Te Necesito","Young Flex - Khea",2,15,58,"217778"
17,"spotify:track:3Wrjm47oTz2sjIgck11l5e","Måneskin","Beggin'","RCA Records Label",12,13,26,"217101"
18,"spotify:track:0PwFN7vRvY80Hnkoew2x3f","Rauw Alejandro, Mr. Naisgai","2/Catorce","Sony Music Latin/Duars Entertainment",7,16,91,"214422"
19,"spotify:track:276rXWKRL20v33E2UnF3ks","Rusherking","Loba","Rusherking",17,18,16,"197455"
20,"spotify:track:5jzEwSyyymBlf1fa1o39T2","Mora, JHAYCO","512","Rimas Entertainment LLC",10,20,80,"184939"
21,"spotify:track:0vvuIsoJ101Hme1VIXBIEi","Rusherking, Duki","Bailando Te Conocí","Rusherking",21,-1,1,"183300"
22,"spotify:track:1Crj1zkRMpsEjb9NOR6Zof","Bizarrap, L-Gante","L-Gante: Bzrp Music Sessions, Vol.38","DALE PLAY Records",1,23,122,"182808"
23,"spotify:track:2UcWAHN6TRQtkZovAuwySo","FMK, Tiago PZK","Prende la Cámara","Columbia",23,25,8,"178968"
24,"spotify:track:7I8L3vYCLThw2FDrE6LuzE","Rusherking, KHEA, Duki, Maria Becerra, LIT killah, Tiago PZK","Además de Mí - Remix","Rusherking",1,21,127,"175770"
25,"spotify:track:1VauUM5CBX7nkLcgafQL2B","Bizarrap, Eladio Carrion","Eladio Carrion: Bzrp Music Sessions, Vol. 40","DALE PLAY Records",7,19,30,"174333"
26,"spotify:track:7fz7HrFRF4y8YEe0duWTDW","Trueno, Duki","PANAMÁ","2021 Sur Capital Records (por Tierra Agencia)",11,22,36,"160928"
27,"spotify:track:2FSGUA0gFgGeQdprjtGM2M","KAROL G, Mariah Angeliq","EL MAKINON","UMLE - Latino",12,24,106,"158950"
28,"spotify:track:5s2SRpPmDiYFf0Qu17r9Uk","Big Apple, Omar Varela","Que a Pasao","1.8M",21,27,55,"153317"
29,"spotify:track:6KEb17S00Inf0v1qYDgUAj","Duki, Bizarrap","Malbec","SSJ Records / DALE PLAY Records",10,26,79,"148302"
30,"spotify:track:10cA6m379GINGe7ZF6g3q1","L-Gante, DT.Bilardo, El Mas Ladron, Damas Gratis","Pistola Remix","Kriterio Music",11,37,81,"132686"
31,"spotify:track:4fipVdNyG6zx7nxuqHScsy","Maria Becerra","Acaramelao","300 Entertainment",6,29,134,"131890"
32,"spotify:track:6qraVL4IJaIj0IuEexYJNa","Myke Towers","Explícito","White World Music",16,31,152,"129992"
33,"spotify:track:1sZ39ZxvFo8FyMz4s7iVlf","Damas Gratis, L-Gante, Marita","Perrito Malvado","Pelo Music S.A.",13,42,81,"128882"
34,"spotify:track:4DHDIdeayp8xvlyg22wREO","NATTI NATASHA, Becky G","Ram Pam Pam","Sony Music Latin",32,32,73,"128097"
35,"spotify:track:079Ey5uxL04AKPQgVQwx5h","Selena Gomez, Rauw Alejandro","Baila Conmigo (with Rauw Alejandro)","Selena Gomez Latin Project",9,28,162,"127299"
36,"spotify:track:5RmSunLqeDqNWww8LWhAiK","KHEA, Duki","WACHA","Young Flex - Khea",1,33,99,"126166"
37,"spotify:track:3K5JiDtBPElni1lrjLIGOG","LIT killah","California","WM Argentina",17,30,22,"123944"
38,"spotify:track:3ke6it1vTmHtz2ApcIVUz5","Bizarrap, Snow Tha Product","Snow Tha Product: Bzrp Music Sessions, Vol. 39","DALE PLAY Records",4,36,72,"121331"
39,"spotify:track:4OwhwvKESFtuu06dTgct7i","Marc Seguí, Rauw Alejandro, Pol Granch","Tiroteo - Remix","WEA Latina",35,35,13,"120190"
40,"spotify:track:2bgTY4UwhfBYhGT4HUYStN","BTS","Butter","BIGHIT MUSIC",17,66,50,"116992"
41,"spotify:track:0LThjFY2iTtNdd4wviwVV2","BTS","Permission to Dance","BIGHIT MUSIC",41,-1,1,"115527"
42,"spotify:track:5u7twkeask1VIyDeNTElSU","Sech","Sal y Perrea","Rich Music",26,40,65,"114956"
43,"spotify:track:5YYW3yRktprLRr47WK219Y","Rochy RD, Myke Towers, Nicki Nicole","Ella No Es Tuya - Remix","Sony Music Latin",1,38,156,"114265"
44,"spotify:track:4ZtFanR9U6ndgddUvNcjcG","Olivia Rodrigo","good 4 u","Olivia Rodrigo PS",13,34,57,"113257"
45,"spotify:track:2XIc1pqjXV3Cr2BQUGNBck","Bad Bunny, ROSALÍA","LA NOCHE DE ANOCHE","Rimas Entertainment LLC",4,41,225,"108953"
46,"spotify:track:0G2zPzWqVjR68iNPmx2TBe","Mora, Bad Bunny, Sech","Volando - Remix","Rimas Entertainment LLC",46,182,2,"106151"
47,"spotify:track:4A9u8OrzFYbxdjiydkNdUi","Papu DJ, L-Gante","L-Gante: RKT SESSIONS #1","PAPU DJ",1,48,222,"104672"
48,"spotify:track:4MzXwWMhyBbmu6hOcLVD49","Bad Bunny, JHAYCO","DÁKITI","Rimas Entertainment LLC",1,44,253,"104210"
49,"spotify:track:1xK1Gg9SxG8fy2Ya373oqb","Myke Towers, Juhn","Bandido","White World Music",1,43,208,"103207"
50,"spotify:track:2p2Q23iaaPSEa1tI6TsCVX","Sech","911","Rich Music",8,45,152,"102544"
51,"spotify:track:67BtfxlNbhBmCDR2L2l8qd","Lil Nas X","MONTERO (Call Me By Your Name)","Columbia",19,39,103,"99523"
52,"spotify:track:7Bk0uXKk1uPT0XuQbpFzvs","Los Legendarios, Wisin, JHAYCO","Fiel","La Base Music Group/ WK Records",1,46,148,"98219"
53,"spotify:track:6Et5KimMg3IXwD6lJPGmQw","Alex Rose, Rauw Alejandro","Me Fije","WK Records",47,50,106,"92974"
54,"spotify:track:267NGliXM8YLVZiKAD9Otm","Bad Bunny","De Museo","Rimas Entertainment LLC",54,56,4,"90804"
55,"spotify:track:5kuidI7QNbpJCB1ObdCPKx","Luck Ra","Te Mentiría","Sony Music Entertainment Chile S.A",22,47,140,"90668"
56,"spotify:track:6ojA83SXbJ5BKpJucn3j6R","Nicki Nicole, Delaossa","Me Has Dejado","Sony Music Latin/DALE PLAY Records",56,69,3,"83965"
57,"spotify:track:4loQgPwJHocL3dFwLfjb1J","Rauw Alejandro, Anuel AA","Reloj","Sony Music Latin/Duars Entertainment",11,49,260,"82699"
58,"spotify:track:2dNhNlpZAtV4lwAFW45LIv","Nio Garcia, Flow La Movie","AM","Flow La Movie, Inc.",2,173,109,"80239"
59,"spotify:track:7onMf0QvWgRba2MRxG27yj","La K'onga","El Mismo Aire","Leader Music",37,75,210,"74202"
60,"spotify:track:3VvA1wSxukMLsvXoXtlwWx","Boza","Hecha Pa' Mi","Sony Music Latin",5,54,229,"74032"
61,"spotify:track:4iJyoBOLtHqaGxP12qzhQI","Justin Bieber, Daniel Caesar, GIVĒON","Peaches (feat. Daniel Caesar & Giveon)","RBMG/Def Jam",10,52,113,"69852"
62,"spotify:track:52wspfpsfPcsw7pw8dnQyM","Mariah Angeliq, Bad Gyal, Maria Becerra","BOBO","Universal Music Latino",53,53,15,"68772"
63,"spotify:track:0giiXonRhODYy4J1iy4Lb3","Rauw Alejandro","Sexo Virtual","Sony Music Latin/Duars Entertainment",59,59,15,"67915"
64,"spotify:track:4cvNRoECGS2sUiw5Q5RRsb","Cazzu, Justin Quiles","Dime Dónde","Vibras Lab",51,51,22,"67590"
65,"spotify:track:1yoMvmasuxZfqHEipJhRbp","Maluma","Hawái","Sony Music Latin",1,62,345,"67511"
66,"spotify:track:3lCbsHaN1wCxyDzcNN2x4N","Migrantes, Alico","Si Me Tomo Una Cerveza","LEB Records",1,72,241,"65711"
67,"spotify:track:3fq0e1TpOQFBDi0vuYrePo","Fer Palacio","Previa y Cachengue 40 - Remix","Fer Palacio",51,92,42,"65681"
68,"spotify:track:0TBbNYzmtCfN5cpZSCVNIz","Nicki Nicole, Lunay","No Toque Mi Naik","Sony Music Latin/DALE PLAY Records",28,58,107,"65651"
69,"spotify:track:1PkE8LrFiHRqMq4Ik3w1pk","Mau y Ricky, Sebastian Yatra, Mora","3 de La Mañana - con Sebastián Yatra & Mora","Sony Music Latin",55,55,22,"65596"
70,"spotify:track:2dl5K2ScW7jYhAhuem06cm","Daddy Yankee","PROBLEMA","Republic Records",31,61,134,"64473"
71,"spotify:track:1e0NatUVfOD9xRgeXSedrl","L-Gante, DT.Bilardo, Omar Varela, Dillom","Tinty Nasty","Kriterio Music",30,80,122,"63578"
72,"spotify:track:3SgybTfx3GWHAcjhK9iPmz","Jossef, Jamby El Favo, Eix","Persia - Remix","JR Records, LLC",72,96,48,"62162"
73,"spotify:track:4pt5fDVTg5GhEvEtlz9dKk","Måneskin","I WANNA BE YOUR SLAVE","RCA Records Label",52,57,26,"62151"
74,"spotify:track:0sukoSvM4zzGnToTabElJI","Dillom","OPA","Bohemian Groove",41,68,43,"60713"
75,"spotify:track:3Zf4GutWZ7Hv3wsVQsSQPs","Camilo, El Alfa","BEBÉ","Sony Music Latin",5,71,226,"60680"
76,"spotify:track:2mMZAd3ol9wGI2WJl4XJCF","Nicki Nicole, Dread Mar I, Bizarrap","Verte","Sony Music Latin/DALE PLAY Records",16,67,211,"60556"
77,"spotify:track:2mM3gZ0BbPwPPMelbA8vgt","Milly, Farruko, Nio Garcia, Jay Wheeler, Amenazzy","No Te Enamores - Remix","Carbon Fiber Music",23,70,187,"60260"
78,"spotify:track:66S2z95FN3nUAr9S1gUIsp","Boza","Ella","Sony Music Latin",58,63,71,"59695"
79,"spotify:track:37BZB0z9T8Xu7U3e65qxFy","The Weeknd, Ariana Grande","Save Your Tears (with Ariana Grande) (Remix)","Republic Records",53,60,78,"59097"
80,"spotify:track:25YMD8Bf1CiQvAsYz5Bq0p","Papichamp, L-Gante, Blunted Vato, ECKO","Combi Nueva","Wapeo",67,93,136,"57964"
81,"spotify:track:5nujrmhLynf4yMoMtj8AQF","Dua Lipa, DaBaby","Levitating (feat. DaBaby)","Warner Records",39,65,248,"57883"
82,"spotify:track:21N4Buj4xsyLb218lYle61","Sebastian Yatra, Guaynaa","Chica Ideal","UMLE - Latino",7,78,266,"57615"
83,"spotify:track:5y7DaS3jAc9eZzcSOoUIwU","Ozuna, J Balvin, Chencho Corleone","Una Locura","Aura Music Corp.",10,74,308,"57591"
84,"spotify:track:4aXicRG47bBEcKXlDaSRwW","Locura Mix, Kaleb Di Masi","Turraka - Remix","Locura Mix",80,107,14,"56872"
85,"spotify:track:3OXxCquI8i14EigwILaLx9","Maria Becerra, Cazzu","Animal","300 Entertainment",5,82,183,"56275"
86,"spotify:track:6HU7h9RYOaPRFeh0R3UeAr","Olivia Rodrigo","deja vu","Olivia Rodrigo PS",33,64,98,"56269"
87,"spotify:track:2B8r5MFRP3EvQDWkm5LxsU","Nestor En Bloque, L-Gante, John C, Perro Primo, Papichamp, El Pesa 9","Remake","Magenta",60,101,26,"55812"
88,"spotify:track:1jtkP2Vj67mcBTXJgIOZsW","Maria Becerra, Rusherking","Confiesalo","300 Entertainment",13,86,239,"55671"
89,"spotify:track:1yc7ERfIzFxPP1E0OFRvp0","CNCO","Tan Enamorados","Sony Music Latin",36,81,230,"55519"
90,"spotify:track:1WvrDdouh6C51In1SdATbq","KAROL G","BICHOTA","UMLE - Latino",1,90,260,"55217"
91,"spotify:track:4nTduFjaTmGysc9WKNuCcs","Camilo","Vida de Rico","Sony Music Latin",2,102,291,"54469"
92,"spotify:track:4G3PTss3mU33Tau7t4KbwE","Rauw Alejandro, Camilo","Tattoo - Remix with Camilo","Sony Music Latin/Duars Entertainment",2,89,365,"54161"
93,"spotify:track:3H0PlcSmQ6z4DDCBFkD7Wx","La K'onga","Te Mentiría","Leader Music",68,124,50,"53638"
94,"spotify:track:5CZ40GBx1sQ9agT82CLQCT","Olivia Rodrigo","traitor","Olivia Rodrigo PS",51,76,50,"53176"
95,"spotify:track:59rjsHYxdxeUG6gd43Emzs","Lunay, Anitta","TODO O NADA","La Familia",82,83,36,"53064"
96,"spotify:track:4saklk6nie3yiGePpBwUoc","BTS","Dynamite","BIGHIT MUSIC",21,151,319,"52059"
97,"spotify:track:78SeXVRJ7KCqVmOwTiFjnI","Bizarrap, NATHY PELUSO","Nathy Peluso: Bzrp Music Sessions, Vol. 36","DALE PLAY Records",4,98,224,"51662"
98,"spotify:track:2OEVXCvrzJfpZaIPwsR99i","L-Gante, El Mas Ladron, DT.Bilardo","Pistola","Kriterio Music",13,116,196,"51598"
99,"spotify:track:3DarAbFujv6eYNliUTyqtz","Doja Cat, SZA","Kiss Me More (feat. SZA)","Kemosabe Records/RCA Records",58,79,80,"50884"
100,"spotify:track:7dpXCztbsLVnkLdcskLgKc","L-Gante, Fidel Nadal, DT.Bilardo","International Love 420","Kriterio Music",37,85,50,"50308"
101,"spotify:track:10zSgbysU2KyVTrcRmtu62","Airbag","Por Mil Noches","DALE PLAY Records / Airbag",79,99,560,"50258"
102,"spotify:track:6PQ88X9TkUIAUIZJHW2upE","Ed Sheeran","Bad Habits","Atlantic Records UK",70,73,15,"49961"
103,"spotify:track:0VWLId2RwPCno9s1cJm2Vy","Nio Garcia, Casper Magico, Ozuna, Wisin & Yandel, Myke Towers, Flow La Movie","Travesuras - Remix","Flow La Movie, Inc",39,91,120,"49318"
104,"spotify:track:4HzqWEdAbzcVFDv0pvxV4w","Maluma","Sobrio","Sony Music Latin",104,-1,1,"49122"
105,"spotify:track:4uiFw0YvHosZT3qRf1QAvs","Tiago PZK","Házmelo","WM Chile",47,103,44,"48969"
106,"spotify:track:1g4cZvi0nLeeIycd0Rkljj","Lola Indigo, TINI, Belinda","La Niña de la Escuela","Universal Music Spain S.L.",97,120,8,"48805"
107,"spotify:track:2HpbDdD3JLpAPMJFYCeC6o","Maria Becerra, TINI, Lola Indigo","High (Remix)","300 Entertainment / Maria Becerra",2,104,310,"48574"
108,"spotify:track:5RAIMjdrCEjpjaR5tBATXU","Maluma, Beéle, Rauw Alejandro, Mambo Kingz, DJ Luian, Darell","Aloha","Hear This Music",60,97,122,"48448"
109,"spotify:track:0VjIjW4GlUZAMYd2vXMi3b","The Weeknd","Blinding Lights","Republic Records",14,100,547,"48132"
110,"spotify:track:0MMyJUC3WNnFS1lit5pTjk","Olivia Rodrigo","jealousy, jealousy","Olivia Rodrigo PS",68,88,50,"48067"
111,"spotify:track:6UelLqGlWMcVH1E5c4H7lY","Harry Styles","Watermelon Sugar","Columbia",16,94,475,"47918"
112,"spotify:track:5wANPM4fQCJwkGd4rN57mH","Olivia Rodrigo","drivers license","Olivia Rodrigo PS",20,84,181,"47695"
113,"spotify:track:2qBirMakpTdz9ymxrZEyzg","Luis Alberto Spinetta","Seguir Viviendo Sin Tu Amor","EMI Argentina",69,121,1292,"47478"
114,"spotify:track:5iF33sXejXwfTuidVHMll0","Carlos Vives, Ricky Martin","Canción Bonita","Sony Music Latin",94,109,79,"47107"
115,"spotify:track:5JCoSi02qi3jJeHdZXMmR8","Olivia Rodrigo","favorite crime","Olivia Rodrigo PS",58,87,50,"46851"
116,"spotify:track:47gSYfwFBbV1BXHfXEq1qs","Crissin, Totoy El Frio, Natan & Shander","Poblado","Kapital Music & Entertainment",18,113,66,"46067"
117,"spotify:track:6RV9pRLIQiXm3qTGeyQluf","Camilo, Evaluna Montaner","Machu Picchu","Sony Music Latin",20,105,130,"46016"
118,"spotify:track:2f0Ft2XdvNSMSY5TUlZgEz","Pablo Alborán","Saturno","WM Spain",73,95,54,"45767"
119,"spotify:track:0TUW9faHNaBmi89wsYGp9y","Trueno, Nicki Nicole, Bizarrap, Taiu, TATOOL","Mamichula - con Nicki Nicole","NEUEN",1,111,351,"45739"
120,"spotify:track:4gQG2Ic7hnJMAcqunk4ERT","Fer Palacio, DJ Alex, Santiago Saez","Ya No Más","P2020",9,139,809,"45291"
121,"spotify:track:59MN1aOpePepwrpmNdkVlA","Fer Palacio, Big Apple","De Ahí","FerPalacioDEAHI",121,-1,1,"44798"
122,"spotify:track:0B8yu7yLe1UsXv6gewHRv2","Duki, YSY A, Rei","Pintao","SSJ Records / DALE PLAY Records",18,110,79,"44710"
123,"spotify:track:3PfIrDoz19wz7qK7tYeu62","Dua Lipa","Don't Start Now","Warner Records",10,106,617,"44495"
124,"spotify:track:0ZAJ660VP57lLK4U7NlGOy","Intoxicados","Nunca quise","Pop Art",65,117,1618,"44141"
125,"spotify:track:4hs52wFSucGnS5dYryIZ4F","Emilia, Boza","Perreito Salvaje","Sony Music Latin",70,118,52,"44079"
126,"spotify:track:6PDlkWmrq2ZKiUuFt2aQsH","Justin Quiles, Chimbala, Zion & Lennox","Loco","WEA Latina",114,114,22,"43813"
127,"spotify:track:3pMo77B4r1NwwIK78lO4xf","Ciro y los Persas","Me Gusta","300 Producciones",68,123,1581,"43347"
128,"spotify:track:1mauYRwbpoGQX6itP2FAJC","Nicky Jam, Romeo Santos","Fan de Tus Fotos","Sony Music Latin",59,112,147,"43144"
129,"spotify:track:2TmT3wSwRf0CYJFGGaIXNB","Arcángel, Jay Wheeler, Miky Woodz","Si Te Veo","Rimas Entertainment LLC.",93,119,55,"42995"
130,"spotify:track:5RubKOuDoPn5Kj5TLVxSxY","Bad Bunny","TE MUDASTE","Rimas Entertainment LLC",18,122,225,"42624"
131,"spotify:track:2tGvwE8GcFKwNdAXMnlbfl","Olivia Rodrigo","happier","Olivia Rodrigo PS",59,108,50,"42057"
132,"spotify:track:1FQXmIbaEfpIc0RaaXo6sN","Migrantes, Nico Valdi","Lado Triste","LEB Records",107,128,31,"42036"
133,"spotify:track:5uD4fcXch2qE5LYeyDipA1","El Reja, Lira","Bésame","Montevideo Music Group",2,148,270,"41883"
134,"spotify:track:2MaYHbpwybBOm9CrDBfChl","Manuel Turizo, Justin Quiles, Dalex","Cosas Malas","Sony Music Latin/La Industria",124,131,52,"41623"
135,"spotify:track:027NtsXW0vpDFhzxsJKmTL","Ciro y los Persas","Mírenla","300 Producciones",85,136,668,"40961"
136,"spotify:track:6tDDoYIxWvMLTdKpjFkc1B","Kali Uchis","telepatía","EMI / Interscope",15,115,143,"40876"
137,"spotify:track:68mrW6gXHgupgSiDHgaDi5","Nicky Jam, Myke Towers","Polvo","Sony Music Latin",21,127,232,"40856"
138,"spotify:track:4C6BlqqMwjFzOXzqpTeoWR","Justin Quiles","Ponte Pa' Mi","WEA Latina",21,77,232,"40668"
139,"spotify:track:3YNolHalg56UrvPabqw6JP","Juhn, Jay Wheeler","Fragancia","This is M Records",101,130,43,"39063"
140,"spotify:track:3YAnNBdk0uHyakXXzMbNJq","Camilo","Millones","Sony Music Latin",69,133,99,"38851"
141,"spotify:track:0EhpEsp4L0oRGM0vmeaN5e","J Balvin, Dua Lipa, Bad Bunny, Tainy","UN DIA (ONE DAY) (Feat. Tainy)","Universal Music Latino/ NEON16",21,129,351,"38740"
142,"spotify:track:1p7m9H4H8s0Y7SgRm7j3ED","Andrés Calamaro","Flaca","DRO/EastWest Spain",90,142,1115,"38600"
143,"spotify:track:4L9WoTpNvdFv8SPW7koxWC","Asan, Bhavi, YSY A, Neo Pistea, Midel, Rei, Zecca","Teca (Remix) [feat. Neo Pistea, Midel, Rei & Zecca]","Young Flex",30,126,45,"38454"
144,"spotify:track:6NKrW1a2OYNwAXuN4MgwXi","L-Gante, DT.Bilardo","Malianteo 420","Kriterio Music",30,157,188,"38436"
145,"spotify:track:6uqyE384HDSsuwpoF4mjrL","Billie Eilish","NDA","Darkroom/Interscope Records",145,-1,1,"38240"
146,"spotify:track:0cXGtTRfQKSHojilCoBAOd","Los Palmeras, Onda Sabanera","Olvídala","Leader Music",26,-1,434,"38060"
147,"spotify:track:5VzNsUnLmYcRfRfxpQsusa","Manuel Turizo, Rauw Alejandro, Myke Towers","La Nota","Sony Music Latin/La Industria",9,140,274,"37838"
148,"spotify:track:5uHAzGa4d9j35DEbhUwGhi","WOS","MELÓN VINO","DOGUITO Records / DALE PLAY Records",5,132,475,"37740"
149,"spotify:track:7LoBGVOINvvyKBmsSkS5CA","Boza","En La Luna","Sony Music Latin",77,134,9,"37700"
150,"spotify:track:7MAibcTli4IisCtbHKrGMh","Bruno Mars, Anderson .Paak, Silk Sonic","Leave The Door Open","Aftermath Entertainment/Atlantic",57,125,124,"37414"
151,"spotify:track:3oqWr0jDWNXxWufNogGREp","Gustavo Cerati","Crimen","Ariola",66,143,1644,"37188"
152,"spotify:track:6VOb0Kkrd45Bp5RHYSla2J","Reik, Maluma","Perfecta","Sony Music México",125,135,42,"37158"
153,"spotify:track:1Ig4pCPanhzXl7C86MmBUc","Pappo","Juntos a la Par","Columbia",106,171,985,"37154"
154,"spotify:track:4HYDUMY0xSpeBr0AMY9cUz","Jay Wheeler, DJ Nelson, Myke Towers","La Curiosidad","Linked Music / Dynamic Records / EMPIRE",2,147,386,"36736"
155,"spotify:track:23UX82uDIfCUUneRfzDTD5","L-Gante, Homer El Mero Mero, DT.Bilardo","Titubeo","Kriterio Music",38,166,166,"36567"
156,"spotify:track:6ySWtyMprBb1YX8WAAuFBs","Los Abuelos De La Nada","Mil Horas - 1994 Remastered Version","Universal Music Argentina S.A.",107,154,1103,"36459"
157,"spotify:track:6o4Gciys1ZIOQ2kDGnvKdm","Sech","PSL","Rich Music",138,138,8,"36280"
158,"spotify:track:5FXxvGjV2DRPIWT8hQa17E","L-Gante, DT.Bilardo","Tu Reo","Kriterio Music",105,152,22,"36253"
159,"spotify:track:63aj87TQG6F3RVO5nbG2VQ","J Balvin, Skrillex","In Da Getto","Sueños Globales, LLC",121,153,8,"36244"
160,"spotify:track:0JAZWvvqttGFm4UMDsPQXC","Ozuna, Camilo","Despeinada","Aura Music Corp.",6,144,310,"36008"
161,"spotify:track:1X1vW0xDpkOS35ZxcPqLv6","NATHY PELUSO","MAFIOSA","Sony Music Entertainment",141,141,2,"35941"
162,"spotify:track:5ddFjrPG8NgQQ6xlOQIVd2","C. Tangana, Niño de Elche, La Húngara","Tú Me Dejaste De Querer","Sony Music Entertainment",51,146,240,"35574"
163,"spotify:track:6dT5W7zuEcUZHnZuVlSIJ5","Los Huayra","La Noche Sin Tí","EMI Argentina",103,-1,263,"35564"
164,"spotify:track:6rg1MBZqggsQ5olFGTw0rr","Divididos","Spaghetti del Rock","Ariola",81,158,1642,"35520"
165,"spotify:track:15OjBeqNX3bShsGYQbteRv","Farruko","La Tóxica","Sony Music Latin",5,159,346,"35490"
166,"spotify:track:3dEtfTtCXWW7N8WQ9FD29z","Lyanno, Rauw Alejandro, Lenny Tavárez, Maria Becerra","En Tu Cuerpo - Remix","Rimas Entertainment LLC",16,149,308,"35219"
167,"spotify:track:6SRsiMl7w1USE4mFqrOhHC","Olivia Rodrigo","brutal","Olivia Rodrigo PS",47,137,50,"34972"
168,"spotify:track:35UUpTmrcFXNIVIN26ujXl","Sech, Daddy Yankee, J Balvin, ROSALÍA, Farruko","Relación - Remix","Rich Music",3,156,309,"34950"
169,"spotify:track:1DFDbSWdESvzWHHAe6BCQ3","La Delio Valdez","Inocente","Delirio Valdez",97,-1,143,"34555"
170,"spotify:track:2nBOPYRoAYOwv6go12SQDs","Airbag","Cae el Sol","DALE PLAY Records / Airbag",138,150,32,"34547"
171,"spotify:track:65DBZofI0b79kfHTcWWDuU","Soda Stereo","Trátame Suavemente - Remasterizado 2007","Columbia",92,161,1491,"34032"
172,"spotify:track:0C9V5jMElp7laZZdsCHufD","Los Tipitos","Campanas en la Noche","Pop Art",117,162,893,"33831"
173,"spotify:track:7upAH0ezzsThyvr33YKn4u","Turf","Pasos Al Costado","Pop Art",96,165,1210,"33738"
174,"spotify:track:2WD9ggmpZE7Wodh3qVVCgg","Soda Stereo","De Música Ligera - Remasterizado 2007","Columbia",127,177,209,"33168"
175,"spotify:track:1MRhIdcloOD0uiiG3ybXGX","Patricio Rey y sus Redonditos de Ricota","Un Poco de Amor Francés","Patricio Rey Discos",114,169,643,"32933"
176,"spotify:track:5Bi9Cq5oVFy1OtUgecbegZ","Callejeros","Creo","Pelo Music S.A.",80,168,1641,"32481"
177,"spotify:track:59L8x0xy8njj75vzVCPMqg","Becky G, El Alfa","FULANITO","Kemosabe Records/RCA Records/Sony Music Latin",177,187,5,"32185"
178,"spotify:track:1QjfU3jkGInap7Vm9lVJIQ","Los Auténticos Decadentes, Mon Laferte","Amor (Ft. Mon Laferte) - MTV Unplugged","Pop Art",43,-1,844,"31904"
179,"spotify:track:4w3R0drhPCc7zeO2OtBV8r","Cazzu, Alan Gomez","TURRA","Vibras Lab",42,185,113,"31799"
180,"spotify:track:2qyLvNLktrdc67OgaayqMW","Rauw Alejandro","Aquel Nap ZzZz","Sony Music Latin/Duars Entertainment",143,155,6,"31676"
181,"spotify:track:6bLvfGI2XeU5DTl8feuNrk","Ke Personajes","Cómo estás","Ke Personajes",18,-1,689,"31664"
182,"spotify:track:4d9T4bHs1vFSyk1EeB075m","La Joaqui, L-Gante","Lassie","DALE PLAY Records / GOAT Records",65,193,92,"31579"
183,"spotify:track:5jW3rF4URMdK7tO2xjS5EI","Paulo Londra","Tal Vez","WEA Latina",1,164,600,"31565"
184,"spotify:track:3LNZSTiwQYL7BnTfHvIOII","Rafaga","Una Cerveza","Leader Music, bajo licencia de Ráfaga",35,-1,426,"31498"
185,"spotify:track:3SyKG06yOK3omo29EwZ8dP","Mancha De Rolando","Arde la Ciudad","Pop Art",121,190,467,"31294"
186,"spotify:track:0kRU83ecI57Iw1kPTeUwK5","Manuel Turizo, Maluma","Amor en Coma","Sony Music Latin/La Industria",111,163,88,"31099"
187,"spotify:track:1ba1ZedHHXyiQdFQM2Baak","Fer Palacio","Previa y Cachengue 38 - Remix","Fer Palacio",88,-1,65,"31069"
188,"spotify:track:7LE1K0lZyRFZjSlrnm7lfD","Jay Wheeler, Myke Towers, Rauw Alejandro, DJ Nelson, JHAYCO, Lunay, Kendo Kaponi","La Curiosidad (feat. Dj Nelson, JHAYCO, Lunay & Kendo Kaponi) - Blue Grand Prix Remix","Linked Music / Dynamic Records / EMPIRE",56,172,204,"31032"
189,"spotify:track:3y5ahYM9zwyOCt3mieZ0PZ","Abel Pintos","Oncemil","Ariola",68,-1,1207,"30852"
190,"spotify:track:0dKg2vGC1hFqcK5LGTaKzX","KAROL G, Nicki Minaj","Tusa","UMLE - Latino",1,-1,563,"30625"
191,"spotify:track:1JSTJqkT5qHq8MDJnJbRE1","The Police","Every Breath You Take","Polydor Records",132,181,469,"30570"
192,"spotify:track:3CACzG9I3AoKUKA3ODE5zW","Damas Gratis, Viru Kumbieron","Me Vas a Extrañar - En Vivo","Pelo Music S.A.",2,-1,772,"30563"
193,"spotify:track:3ydweVPwq9PCEVJ8WwqT6u","Los Auténticos Decadentes","Loco (Tu Forma De Ser)","RCA Records Label",171,-1,24,"30457"
194,"spotify:track:67598hFUFPWCIEy8biXn9D","Eich, KHEA, Duki, Marlku","Sexy (feat. Marlku)","Young Flex",82,145,8,"30447"
195,"spotify:track:2tFwfmceQa1Y6nRPhYbEtC","JHAYCO, Bad Bunny","CÓMO SE SIENTE - Remix","N&E Entertainment LLC",34,174,303,"30377"
196,"spotify:track:1xXQCSt0xkfeGhe18ey2p8","Bizarrap, YSY A","YSY A: Bzrp Music Sessions, Vol. 37","DALE PLAY Records",6,189,155,"30360"
197,"spotify:track:52Fw40zkJt0rFW5qkB2uJt","DJ Tao, ECKO","ECKO | DJ TAO TURREO SESSIONS #1","WM Chile",119,-1,53,"30040"
198,"spotify:track:4r9jkMEnArtWGH2rL2FZl0","Bad Bunny","A Tu Merced","Rimas Entertainment LLC",99,178,43,"29936"
199,"spotify:track:6jDx3MNG0yJdrvEBZohKBE","Rodrigo","Ocho Cuarenta","Magenta",38,-1,448,"29441"
200,"spotify:track:6ifUES3keWjwXgae8pXI3o","Danny Ocean","Me Rehúso","Atlantic Records",1,199,957,"29341"
