rank,uri,artist_names,track_name,source,peak_rank,previous_rank,days_on_chart,streams
1,"spotify:track:2tTmW7RDtMQtBk7m2rYeSw","Bizarrap, Quevedo","Quevedo: Bzrp Music Sessions, Vol. 52","DALE PLAY Records",1,1,27,"1905859"
2,"spotify:track:6Sq7ltF9Qa7SNFBsV5Cogx","Bad Bunny, Chencho Corleone","Me Porto Bonito","Rimas Entertainment LLC",1,2,89,"1335228"
3,"spotify:track:1IHWl5LamUGEuP4ozKQSXZ","Bad Bunny","Tití Me Preguntó","Rimas Entertainment LLC",2,3,89,"1233878"
4,"spotify:track:5Eax0qFko2dh7Rl2lYs3bx","Bad Bunny","Efecto","Rimas Entertainment LLC",3,4,89,"1150058"
5,"spotify:track:3k3NWokhRRkEPhCzPmV8TW","Bad Bunny, Bomba Estéreo","Ojitos Lindos","Rimas Entertainment LLC",1,5,89,"983327"
6,"spotify:track:6Xom58OOXk2SoU711L2IXO","Bad Bunny","Moscow Mule","Rimas Entertainment LLC",1,6,89,"784079"
7,"spotify:track:7dSZ6zGTQx66c2GF91xCrb","KAROL G","PROVENZA","BICHOTA RECORDS / INTERSCOPE RECORDS / UNIVERSAL MUSIC LATINO",1,7,103,"733032"
8,"spotify:track:4w273WCBXwM4P3jTX5HkB2","Grupo Marca Registrada, Junior H","El Rescate","RB Music",7,8,12,"681451"
9,"spotify:track:4tYFy8ALRjIZvnvSLw5lxN","Bad Bunny, Rauw Alejandro","Party","Rimas Entertainment LLC",2,9,89,"658012"
10,"spotify:track:7gwT3HGL84vF7bgtwL1N88","Lasso","Ojos Marrones","Universal Music Mexico",9,10,41,"644639"
11,"spotify:track:41oY4WCTj5kccfesTVFnvN","Bad Bunny, JHAYCO","Tarot","Rimas Entertainment LLC",5,12,89,"549404"
12,"spotify:track:2rurDawMfoKP4uHyb2kJBt","Shakira, Rauw Alejandro","Te Felicito","Sony Music Latin",6,11,103,"542458"
13,"spotify:track:1797zYiX4cKosMH836X9Gt","Bad Bunny, Tony Dize","La Corriente","Rimas Entertainment LLC",12,14,89,"515910"
14,"spotify:track:5ildQOEKmJuWGl2vRkFdYc","ROSALÍA","DESPECHÁ","Columbia",14,18,6,"510849"
15,"spotify:track:5kpxVMDvYGRmNqawPqDTYR","La Adictiva, Luis R Conriquez","JGL","Anval Music",9,13,138,"508267"
16,"spotify:track:44XjoNvtwevktFKjvVe1vH","Bad Bunny, Buscabulla","Andrea","Rimas Entertainment LLC",9,16,89,"475076"
17,"spotify:track:3ZGkdrigbWXLgHungXfZkt","Junior H, Luis R Conriquez","Los Botones Azules","WEA Latina",9,15,151,"467118"
18,"spotify:track:31i56LZnwE6uSu3exoHjtB","Bad Bunny","Neverita","Rimas Entertainment LLC",12,21,89,"450900"
19,"spotify:track:4Dvkj6JhhA12EX05fT7y2e","Harry Styles","As It Was","Columbia",1,20,125,"440848"
20,"spotify:track:2NWaWZZLFMcr5P4uI2KvWy","Victor Cibrian","En El Radio Un Cochinero","Rancho Humilde",8,17,82,"438405"
21,"spotify:track:5ww2BF9slyYgNOk37BlC4u","Manuel Turizo","La Bachata","Sony Music Latin/La Industria",21,24,23,"433471"
22,"spotify:track:1dm6z1fWB0cErMszU25dy2","Bad Bunny","Después de la Playa","Rimas Entertainment LLC",3,22,89,"425935"
23,"spotify:track:7Jph6HJbfURt4Fea19IED3","Grupo Marca Registrada","Si Fuera Fácil","Boba Records",16,19,66,"425772"
24,"spotify:track:1O2pcBJGej0pmH2Y9XZMs6","Cris Mj","Una Noche en Medellín","Sonar LLC.",3,23,164,"420118"
25,"spotify:track:4d4ZXH4dr5bYfgErHiZCX2","Bad Bunny","Dos Mil 16","Rimas Entertainment LLC",12,25,89,"416667"
26,"spotify:track:6VrQTLzzuyGIYjUDe4kAZk","Bad Bunny","Un Coco","Rimas Entertainment LLC",17,27,89,"413404"
27,"spotify:track:4hceSKjrkDTO0nMKFcb3sj","Bizarrap, Villano Antillano","Villano Antillano: Bzrp Music Sessions, Vol. 51","DALE PLAY Records",25,26,55,"409047"
28,"spotify:track:5CzixCxDkRXX9mScCmah8O","Bad Bunny","Un Ratito","Rimas Entertainment LLC",6,29,89,"397766"
29,"spotify:track:4gzsuuZypVbxs0Af1LSZyB","Tainy, Bad Bunny, Julieta Venegas","Lo Siento BB:/ (with Bad Bunny & Julieta Venegas)","Neon16",1,30,302,"392454"
30,"spotify:track:74WROFXsox6wkeUrEK2DS6","Eden Muñoz","Chale","Lizos Music",1,28,165,"381884"
31,"spotify:track:0uBcoM4zxRXk7kmsmxoiFS","Luis Mexia, Grupo Firme","Calidad","Luis Mexia",31,31,20,"359391"
32,"spotify:track:0E0DRHf5PfMeor0ZCwB3oT","Bad Bunny, The Marías","Otro Atardecer","Rimas Entertainment LLC",14,37,89,"349881"
33,"spotify:track:75FEaRjZTKLhTrFGsfMUXR","Kate Bush","Running Up That Hill (A Deal With God)","Fish People",11,34,66,"347122"
34,"spotify:track:75UMtPC77vqKRwfSuYuNPO","Kevin Kaarl","San Lucas","Kevin Kaarl",5,35,163,"344601"
35,"spotify:track:1UdzJEpgJxtuXAlCOvD4S0","Danny Ocean","Fuera del mercado","Atlantic Records",1,38,156,"343356"
36,"spotify:track:7FlQk2gJ6TBrHHiidvdR2O","Becky G, KAROL G","MAMIII","Kemosabe Records/RCA Records/Sony Music Latin",1,39,173,"341351"
37,"spotify:track:0UXlu64mDLvfzR8IXMz06J","Christian Nodal","Ya No Somos Ni Seremos","Producciones Ladon, S.A de C.V./Sony Music México",1,32,166,"335549"
38,"spotify:track:6mmPpaltUZK7xjNlBPQQ0p","Rauw Alejandro, Chencho Corleone","Desesperados","Sony Music Latin/Duars Entertainment",3,41,235,"332092"
39,"spotify:track:5IdyvWCaUa7AgTxMsFj0wB","Grupo Los de la O","Fuga Pa Cali 2","Manzana Records, Inc.",16,33,179,"329409"
40,"spotify:track:2uflssWlCaJ6CbTMOsUpNI","Bad Bunny","Aguacero","Rimas Entertainment LLC",15,43,89,"328928"
41,"spotify:track:0wihfILRNOwE2156Shezc8","Bad Bunny","Agosto","Rimas Entertainment LLC",19,44,89,"327206"
42,"spotify:track:28GCbKgjlVD9eDmasGbe0T","Bad Bunny","Me Fui de Vacaciones","Rimas Entertainment LLC",8,42,89,"326133"
43,"spotify:track:3p6eieHX6oEOzJStPtEsLu","Calibre 50","Si Te Pudiera Mentir","Andaluz Music, LLC (Catalog)",2,40,735,"317149"
44,"spotify:track:5kVZxyMY1gfdCLiChsfjn1","Bad Bunny","Yo No Soy Celoso","Rimas Entertainment LLC",9,45,89,"309667"
45,"spotify:track:1Tcm4Qi0lbzXofH11MIzJs","Carin Leon, Los Honorables","La Boda del Huitlacoche - En Vivo","Tamarindo Rekordsz",19,36,97,"305505"
46,"spotify:track:2JPLbjOn0wPCngEot2STUS","Bad Bunny","Yonaguni","Rimas Entertainment LLC",1,46,425,"298048"
47,"spotify:track:0fea68AdmYNygeTGI4RC18","J Balvin, Bad Bunny","LA CANCIÓN","Universal Music Latino / Rimas",1,49,1132,"293376"
48,"spotify:track:71wFwRo8xGc4lrcyKwsvba","Bad Bunny, Tainy","Callaita","Rimas Entertainment LLC",1,48,1160,"291239"
49,"spotify:track:3bvJftZKZe5QKz433NczyV","Carin Leon","No Es Por Acá","Socios Music, LLC",42,47,26,"282603"
50,"spotify:track:0OTNHGKcqQbk51bOYe462Y","Polimá Westcoast, Pailita","ULTRA SOLO","Sony Music Entertainment Chile S.A",15,51,104,"265839"
51,"spotify:track:0OLLsFyVPrjI3iL03lDFXk","Grupo Marca Registrada","Solo Me Dejaste","RB Music",39,52,26,"260566"
52,"spotify:track:798ahLNEcoFER7Vywg1FMT","Calibre 50","A La Antigüita","Andaluz Music, LLC (Catalog)",1,50,451,"259359"
53,"spotify:track:48AJSd42lXpicsGqcgopof","Daddy Yankee, Bad Bunny","X ÚLTIMA VEZ","Republic Records",2,53,131,"257146"
54,"spotify:track:6DoL1yYIwEW7VZMRaJhoJI","Chris Jedi, Anuel AA, Chencho Corleone, Ñengo Flow","La Llevo Al Cielo (Ft. Ñengo Flow)","UMLE - Latino",50,55,75,"251461"
55,"spotify:track:6y8z28epOv5FlaxDv1Lo5B","Ryan Castro","Jordan","Holdings",6,56,175,"248800"
56,"spotify:track:18HOjcvTVV7W8YzBuOsAPS","Bad Bunny","Un Verano Sin Ti","Rimas Entertainment LLC",11,57,89,"246523"
57,"spotify:track:6wtZPYBIXUvCpXwVjMCJBf","Polimá Westcoast, Feid, Pailita, Paloma Mami, De La Ghetto","ULTRA SOLO REMIX","Sony Music Entertainment Chile S.A",40,58,47,"237593"
58,"spotify:track:5TMLavqGRKNxgzMBrVpC9R","zzoilo, Aitana","Mon Amour - Remix","Universal Music Spain S.L.",1,59,309,"231975"
59,"spotify:track:3GaGWoU1KfVqgl7vnRHP55","C. Tangana","Demasiadas Mujeres","Sony Music Entertainment",8,61,173,"228853"
60,"spotify:track:6Yard5LK4aXEn0kBKtHSob","Grupo Firme, Grupo Recluta","Se Fue La Pantera (En Vivo)","Music VIP",24,54,274,"224650"
61,"spotify:track:6xGruZOHLs39ZbVccQTuPZ","Joji","Glimpse of Us","88rising Music",20,62,54,"218633"
62,"spotify:track:2bbwjxA68m9PHZFWgF1fze","Duki","GIVENCHY","DALE PLAY Records / SSJ Records",17,65,13,"217120"
63,"spotify:track:7dT9D6117e5DbhnKxDLNW9","Kevin Kaarl","Colapso","Kevin Kaarl",21,66,402,"216400"
64,"spotify:track:5xwP3VbM3eBKOeFF3fwn6Z","Betillo Guerrero","Por Clave el 13","GodKing Records",52,60,17,"214347"
65,"spotify:track:4MzXwWMhyBbmu6hOcLVD49","Bad Bunny, JHAYCO","DÁKITI","Rimas Entertainment LLC",1,69,642,"213091"
66,"spotify:track:3FkeNbs9Zeiqkr3WkbOiGp","Anitta","Envolver","Warner Records",4,68,153,"211901"
67,"spotify:track:3rdAz1fbUfZxYgaCviYhRo","Rauw Alejandro","Todo De Ti","Sony Music Latin/Duars Entertainment",1,71,439,"210469"
68,"spotify:track:6981hdSOqG8tP6xTqaySa1","Julión Álvarez y su Norteño Banda","Ojos Verdes","UMLE - Fonovisa",23,63,43,"209850"
69,"spotify:track:6ylDpki1VpIsc525KC1ojF","Sebastian Yatra","Tacones Rojos","UMLE - Latino",6,73,275,"209246"
70,"spotify:track:4r9jkMEnArtWGH2rL2FZl0","Bad Bunny","A Tu Merced","Rimas Entertainment LLC",5,75,886,"209000"
71,"spotify:track:1OZpgVRQKkxcoeEocqTMRZ","Julión Álvarez y su Norteño Banda","Pongámonos De Acuerdo","UMLE - Fonovisa",11,64,69,"208603"
72,"spotify:track:2NMjggapJcXXM7WccGEBUO","Bad Bunny","Enséñame a Bailar","Rimas Entertainment LLC",20,74,89,"208572"
73,"spotify:track:7w47Qtyrw5y4w5Qa0wNjco","Natanael Cano, Steve Aoki","Nataaoki","WEA Latina",17,72,117,"207962"
74,"spotify:track:0UvZcEfpzVyx47QsRbjyBz","Bad Bunny","El Apagón","Rimas Entertainment LLC",22,79,89,"205050"
75,"spotify:track:2g12ZAzSIybDe6QC3w9DYl","Grupo Marca Registrada","El Doctor","RB Music",53,70,277,"204298"
76,"spotify:track:69vlMrzHwATKzupwNcUPyK","Bad Bunny, Daddy Yankee","La Santa","Rimas Entertainment LLC",4,78,886,"203471"
77,"spotify:track:4YF13O2n16dcTyGgVmiGvN","Mau y Ricky, Carin Leon","Llorar y Llorar - con Carin Leon","Sony Music Latin",61,76,51,"197554"
78,"spotify:track:4R8BJggjosTswLxtkw8V7P","JHAYCO, J Balvin, Bad Bunny","No Me Conoce - Remix","N&E Entertainment LLC",3,80,1174,"197428"
79,"spotify:track:6YNTL320OEMAg4ORqGYt1v","Matisse, Carin Leon","Como Lo Hice Yo","Sony Music México",6,77,327,"196309"
80,"spotify:track:0bI5WRiDfU5BY38ufOJtGu","Maluma, Chencho Corleone","Nos Comemos Vivos","Sony Music Latin",73,81,54,"194802"
81,"spotify:track:2z9YkcLojiOE7Eu2p9lPZR","Feid","Normal","UMLE - Latino",39,86,26,"189600"
82,"spotify:track:0akyEssGRVHstqCSWXusJL","Ed Maverick","Fuentes de Ortiz","Universal Music Mexico",17,85,1288,"185554"
83,"spotify:track:54ipXppHLA8U4yqpOFTUhr","Imagine Dragons","Bones","Kid Ina Korner / Interscope",73,87,44,"183344"
84,"spotify:track:2MnLkFqY9Rpg9s3Zv6ZJdK","Gera MX, Christian Nodal","Botella Tras Botella","Virgin Music México",1,83,467,"183064"
85,"spotify:track:6JIC3hbC28JZKZ8AlAqX8h","Elton John, Dua Lipa, PNAU","Cold Heart - PNAU Remix","EMI",12,89,349,"181857"
86,"spotify:track:3HgvO4B5LLmdPOT2d8cSZd","LAGOS, Danny Ocean","Mónaco","WM Mexico",11,88,404,"180959"
87,"spotify:track:4khWEpnaijN0G1x019Uzdr","Morat","No Se Va","Universal Music Spain S.L.",48,93,162,"178515"
88,"spotify:track:0R7DSnSibvuE4PEHqUayqf","Plan B","Es un Secreto","Pina Records",87,92,151,"178328"
89,"spotify:track:4gBxREFDhxi8Hw4qeiYt7B","Eden Muñoz, Michelle Maciel","No Sabía Cuánto","Lizos Music",69,90,89,"178066"
90,"spotify:track:5fhcuVxuBWfgNXGuyAtLmr","Piso 21, Manuel Turizo","Los Cachos","WM Mexico",90,96,13,"177201"
91,"spotify:track:6HIIuuUIEzH1meVdGbMXyf","Grupo Firme","Ya Supérame (En Vivo)","Music VIP",2,82,354,"175881"
92,"spotify:track:0qyofIr6dHSb8AcEVnywBY","Grupo Arriesgado","El Fugitivo (En Vivo)","GaMusic",64,84,30,"173244"
93,"spotify:track:3lGMtkONrZdJ8kTCg6KIFf","Natalia Lafourcade","Hasta la Raíz","RCA Records Label",15,94,958,"172838"
94,"spotify:track:3pQYf90V5idOGrXzosm9rt","Junior H","Se Amerita","WEA Latina",17,91,378,"169986"
95,"spotify:track:55mzJ0LftLnef8sxAjrMkU","Santa Fe Klan, Neto Peña, Yoss Bones","Debo Entender","473 Music",6,97,442,"168029"
96,"spotify:track:6ifUES3keWjwXgae8pXI3o","Danny Ocean","Me Rehúso","Atlantic Records",1,95,2012,"167992"
97,"spotify:track:2vmfvSoZBFAt9hhRoEByLi","Aventura, Bad Bunny","Volví","Rimas Entertainment LLC",1,100,365,"158698"
98,"spotify:track:7ef4DlsgrMEH11cDZd32M6","Calvin Harris, Dua Lipa","One Kiss (with Dua Lipa)","Sony Music UK",6,99,678,"158216"
99,"spotify:track:35wvL50xvKpCHEJPxLOLPI","Bad Bunny","Si Estuviésemos Juntos","Rimas Entertainment LLC",18,103,1164,"156876"
100,"spotify:track:2TzkIzgzIHhewMxyh1u4hh","Kevin Kaarl","Vámonos a Marte","Kevin Kaarl",41,105,592,"153875"
101,"spotify:track:41wtwzCZkXwpnakmwJ239F","Bad Bunny","Si Veo a Tu Mamá","Rimas Entertainment LLC",1,110,886,"150598"
102,"spotify:track:4OwhwvKESFtuu06dTgct7i","Marc Seguí, Rauw Alejandro, Pol Granch","Tiroteo - Remix","WEA Latina",10,113,401,"147790"
103,"spotify:track:3K56RPWS4q200IwHiIZcUD","Los Gemelos De Sinaloa","Andamos Mejor","Rancho Humilde",67,106,155,"146958"
104,"spotify:track:0bI7K9Becu2dtXK1Q3cZNB","Tiësto, KAROL G","Don't Be Shy","Atlantic Records",16,118,355,"146781"
105,"spotify:track:7KNSQcLwrl3bNEuV1OVHtv","Luis R Conriquez","Me Metí En El Ruedo","Kartel Music",58,102,286,"146690"
106,"spotify:track:2LJRoFOtMGLnSxJqlJuhge","Gerardo Ortiz","Tranquilito","Sony Music Latin",21,101,348,"145831"
107,"spotify:track:6nyl8kugrRsjzvpFhvw4hE","Los 2 de la S","Es Que Me Gustas - En Vivo","Lizos Music",51,104,263,"145714"
108,"spotify:track:7ifMxHITc3NIipJO4R5NGb","Los Gemelos De Sinaloa, Fuerza Regida","No Le Aflojo","Rancho Humilde",63,111,54,"145710"
109,"spotify:track:7gaovXojjqfn276uZR0omT","DJ Pablito, La Factoria, Joycee","Todavía","Dj Pablito",48,117,831,"145202"
110,"spotify:track:3elpkpwYlmUbuvmVps08lJ","Santa Fe Klan, Nanpa Básico","Te Ire A Buscar","473 Music",14,128,523,"144861"
111,"spotify:track:7hynhxDoDpgMIV12JuVtNa","J Balvin, Bad Bunny, Marciano Cantero","UN PESO","Universal Music Latino / Rimas",21,125,555,"143663"
112,"spotify:track:6ZIwZmQ2ph6QK13sItmDEx","Cristian Castro","No Podras","Universal Music Mexico",112,124,54,"143559"
113,"spotify:track:7E9GeFGfjXw9LAI4ay6rsw","Grupo Firme, Carin Leon","El Tóxico","Music VIP",4,98,644,"142891"
114,"spotify:track:4H3t8C59tXjKf1R2iKtc5M","Marca MP","Ya Acabo","Marca MP",6,112,495,"142535"
115,"spotify:track:6C1RD7YQVvt3YQj0CmuTeu","Bad Bunny, Ozuna, Farruko, Arcángel, Ñengo Flow, DJ Luian, Mambo Kingz","Diles","Rimas Entertainment LLC",25,122,864,"142172"
116,"spotify:track:1xO7tp4J5Wj0NeKrzIpd1V","Christian Nodal, Banda MS de Sergio Lizárraga","La Sinvergüenza","Producciones Ladon, S.A de C.V./Sony Music México",5,107,313,"142106"
117,"spotify:track:2n7ohqg1s68ToAHh4u9mcW","Bad Bunny","Vete","Rimas Entertainment LLC",1,121,986,"142101"
118,"spotify:track:15UfWisTMmHsMjkUUEAoAa","Peso Pluma, Raul Vega","El Belicon","Prajin Records / Worms Music",52,108,174,"141573"
119,"spotify:track:3hUxzQpSfdDqwM3ZTFQY0K","Taylor Swift","august","Taylor Swift",67,67,3,"140484"
120,"spotify:track:5VfkfKTTo5BRKqHwfENF0V","Calibre 50","Míranos Ahora","Andaluz Music, LLC (Catalog)",86,120,116,"140021"
121,"spotify:track:6HMtHNpW6YPi1hrw9tgF8P","Lizzo","About Damn Time","Nice Life/Atlantic",63,129,86,"139607"
122,"spotify:track:1qEmFfgcLObUfQm0j1W2CK","Harry Styles","Late Night Talking","Columbia",11,126,74,"138969"
123,"spotify:track:1uKjQoh8JZj9ryuYRhpd7E","Luis Miguel","Ahora Te Puedes Marchar","WM Mexico",13,119,2040,"138339"
124,"spotify:track:655JkvIwu2rDCaD1hPf04g","Sebastian Yatra, Myke Towers","Pareja Del Año","UMLE - Latino",3,134,474,"138338"
125,"spotify:track:7G3h22znCIwaN07Q2s1ukR","Grupo Recluta","Se Fue La Pantera","Boba Records",93,115,138,"137419"
126,"spotify:track:1RGlfmdvcfatN0ZLOmzanS","Junior H","El Hijo Mayor","WEA Latina",111,123,21,"136273"
127,"spotify:track:2Nk3gXgekore0lfB7PCnub","Alfredo Olivas","El Paciente","Camiolvi",69,116,756,"136267"
128,"spotify:track:5jt25aFjW2kNoBqaEVaz5W","Mora, Feid","LA INOCENTE","Rimas Entertainment LLC",94,137,42,"135824"
129,"spotify:track:5gS11pL9yQcnKrzbmliOwh","Natanael Cano","Brillo","WEA Latina",17,130,117,"135560"
130,"spotify:track:0ldT3gl7aGNzrJyd4b1CA4","Grupo Firme, Lenin Ramírez","En Tu Perra Vida","Music VIP",9,109,428,"135148"
131,"spotify:track:4HzqWEdAbzcVFDv0pvxV4w","Maluma","Sobrio","Sony Music Latin",6,136,390,"134829"
132,"spotify:track:1quaoU1wjFHLkDXC3bNghk","Luis R Conriquez","El Buho","Kartel Music",86,114,245,"134022"
133,"spotify:track:0lyZyn18awzOJuVM7qzCmd","Lenin Ramírez, Fuerza Regida, Banda Renovacion","Se Acabo - En Vivo","DEL Records",88,127,106,"133013"
134,"spotify:track:2B4GHvToeLTOBB4QLzW3Ni","Farruko","Pepas","Sony Music Latin",1,139,379,"132856"
135,"spotify:track:6Pur3hWy6Nzc27ilmsp5HA","Los Enanitos Verdes","Lamento Boliviano","EMI Latin",76,141,1417,"131962"
136,"spotify:track:0w41wEubHTq13Hh4tfRCke","CNCO, Kenia OS","Plutón","Sony Music Latin",136,140,11,"131687"
137,"spotify:track:2Gq636OOGgxCTqEuzCZhsa","Bizarrap, Tiago PZK","Tiago PZK: Bzrp Music Sessions, Vol. 48","DALE PLAY Records",26,142,55,"131482"
138,"spotify:track:0aZnyTWJNgdzYoOiaW8HKG","KAROL G","200 COPAS","UMLE - Latino",43,143,347,"130960"
139,"spotify:track:3yE8qL9HNfyzAbpqoMnUr8","Aldo Trujillo, Legion RG","El Chaman","GodKing Records",112,131,35,"130344"
140,"spotify:track:3NqbKUOgaU2LgIFRbu4B12","Millonario & W. Corona, Cartel De Santa","Éxtasis","Babilonia Music, S.A. de C.V.",69,150,361,"130105"
141,"spotify:track:0zCOT028cU3DeCqN1G18wE","Inspector","Amargo Adiós","Universal Music Mexico",104,152,813,"129906"
142,"spotify:track:79HZAZNnOE97rb2hnI0XQr","Rauw Alejandro, Lyanno, Brray","LOKERA","Sony Music Latin/Duars Entertainment",99,145,5,"129744"
143,"spotify:track:6yKoIv4jJSb7trcphSZofT","Yuridia, Banda MS de Sergio Lizárraga","¿Y Qué Tal Si Funciona?","Sony Music México",109,146,5,"129326"
144,"spotify:track:0vNtFN67TIMgDokyyuUUwA","Edgardo Nuñez","El Ruddy","Genesis Records",74,132,134,"128916"
145,"spotify:track:4bF2y8rR7GUjrd5LNEvej3","Ingratax","París","Room28",6,163,387,"128862"
146,"spotify:track:5LazbgCsa2IskJbPMnI8Qd","Tiago PZK, LIT killah","Entre Nosotros","WEA Latina",16,147,331,"128665"
147,"spotify:track:0tKl8ZVM6xJkhznvJAS3Nq","Junior H","Ella","Rancho Humilde",41,144,918,"128369"
148,"spotify:track:1vmRfKejQWsWnE3arhhEit","Pure Negga, Skillz Beatz","Cnv Sound, Vol. 14","Pure Nigga distribucion",55,149,93,"128120"
149,"spotify:track:1iRvhKiXRElIH2Uf4gd95P","Jesse & Joy","Dueles","WM Mexico",42,164,492,"128043"
150,"spotify:track:7A07Yu1dRND3RKDzbhKrDs","Intocable","Fuerte No Soy","Capitol Latin",80,138,632,"127714"
151,"spotify:track:1yoMvmasuxZfqHEipJhRbp","Maluma","Hawái","Sony Music Latin",1,151,734,"127380"
152,"spotify:track:3GSMdtJphymHEsR8K9jT5Q","León Larregui","Locos","Universal Music Mexico",54,158,1572,"127102"
153,"spotify:track:1s59X35jDULAyOGmBuTAnd","Lenin Ramírez, Grupo Firme","Yo Ya No Vuelvo Contigo - En Vivo","DEL Records",14,133,966,"126650"
154,"spotify:track:7l4cSfrED7RrtT0t5CSOzv","Siddhartha","00:00","Sony Music México",52,160,144,"126557"
155,"spotify:track:0VjIjW4GlUZAMYd2vXMi3b","The Weeknd","Blinding Lights","Republic Records",1,161,969,"125521"
156,"spotify:track:4hAYQuavbB0FYhyxBTbVal","Alex Luna, DAAZ","Te Marqué Pedo","Worldwide Records",10,165,196,"124812"
157,"spotify:track:4NUt1fcnO9aQAELBgXq3Kr","Alejandro Fernández","Me Dediqué a Perderte","Columbia",62,168,2029,"124768"
158,"spotify:track:2jPufybqAAmiF16Jirt9Ez","Julión Álvarez y su Norteño Banda","Te Hubieras Ido Antes","UMLE - Fonovisa",21,135,43,"124609"
159,"spotify:track:1Wrzhfa5bNlqvsnCztz190","Hombres G","Devuélveme a mi chica","WM Spain",64,153,1796,"124396"
160,"spotify:track:7MmrcXVA7A5zZ2CbDuGHNa","Rels B","A Mí","DALE PLAY Records / Flakk Team",64,166,1237,"124327"
161,"spotify:track:1bnSKjuPEd8FPACxqA5Mos","Efecto Elegante","Préstame Tu Corazón","Premier Music Group",106,155,126,"124315"
162,"spotify:track:5J7teKIJGtqVypgYI6sqXj","Bad Bunny, Mora","Una Vez","Rimas Entertainment LLC",22,172,746,"123849"
163,"spotify:track:1WvrDdouh6C51In1SdATbq","KAROL G","BICHOTA","UMLE - Latino",1,169,649,"123389"
164,"spotify:track:6lX6l7OuA3qrnIRfdsr0dw","Blessd, Justin Quiles, Lenny Tavárez","Medallo","WEA Latina",16,174,275,"123050"
165,"spotify:track:1JSTJqkT5qHq8MDJnJbRE1","The Police","Every Breath You Take","Polydor Records",97,171,1028,"122984"
166,"spotify:track:6ohTBTmcNHe9UzvxAgA9wJ","Lauri Garcia","Miel","GodKing Records",59,176,177,"121747"
167,"spotify:track:2tFwfmceQa1Y6nRPhYbEtC","JHAYCO, Bad Bunny","CÓMO SE SIENTE - Remix","N&E Entertainment LLC",7,178,728,"121149"
168,"spotify:track:6HOOykUGBMv3LFsR9gObw5","Eden Muñoz","Creo en Ti","Lizos Music",72,156,164,"121117"
169,"spotify:track:24KGKNglICq4YhNvaZfkA7","Adriel Favela, La Cotorrisa, Strecci","Contigo No Fue","UMLE - Fonovisa",13,162,139,"120996"
170,"spotify:track:1nULBrlzWatdcjA2ZctIMv","Zoé","Labios Rotos - En Vivo Desde México / 2010","EMI México",94,173,419,"120985"
171,"spotify:track:0vHfVsEe6Ps0d8cZ9PGzSw","De La Ghetto, Rauw Alejandro","Loco Por Perrearte - Remix","Latin Nation Entertainment, LLC",171,196,3,"120478"
172,"spotify:track:4OVpyR6yhYyVoRj9D7CERz","Banda MS de Sergio Lizárraga, Carin Leon","Ojos Cerrados","Lizos Music",32,148,208,"120158"
173,"spotify:track:6D2TCm4nf5nxAcdGJ7w3QP","J Balvin, Maria Becerra","Qué Más Pues?","Sueños Globales, LLC",3,179,414,"120147"
174,"spotify:track:7d7aPD2oxuzjhOZnu4Dj23","NATTI NATASHA, Daddy Yankee, Wisin & Yandel","Mayor Que Usted","Pina Records",161,182,22,"119379"
175,"spotify:track:3nD8VUJphfkoxSjy4lmeP1","JR Torres","Un Suspiró","Jr Torres",131,157,77,"118486"
176,"spotify:track:0G2zPzWqVjR68iNPmx2TBe","Mora, Bad Bunny, Sech","Volando - Remix","Rimas Entertainment LLC",7,183,389,"118463"
177,"spotify:track:15yuvKhcoEtV5KwKxqHSwa","Cartel De Santa, Millonario","Burbujas de Cristal","Babilonia Music, S.A. De C.V.",54,-1,354,"118255"
178,"spotify:track:3AJwUDP919kvQ9QcozQPxg","Coldplay","Yellow","Parlophone UK",21,180,145,"117900"
179,"spotify:track:2XIc1pqjXV3Cr2BQUGNBck","Bad Bunny, ROSALÍA","LA NOCHE DE ANOCHE","Rimas Entertainment LLC",2,192,543,"117899"
180,"spotify:track:4ZplewvZRLFcfBa5uyBbhd","Cardenales De Nuevo León","Belleza De Cantina","Universal Music Mexico",32,154,916,"117347"
181,"spotify:track:0z5yLgBmAtaylDYrgwzlpH","Leo Rizzi","Amapolas","WM Spain",29,191,329,"117250"
182,"spotify:track:2uky0VCI2EZni0nArOPznM","Bizarrap, Paulo Londra","Paulo Londra: Bzrp Music Sessions, Vol. 23","DALE PLAY Records",1,181,71,"117070"
183,"spotify:track:50pkO56KXHoH53sVPRSbZ3","El Fantasma","El Bélico","Afinarte Music",41,170,385,"116850"
184,"spotify:track:5iBBLeUl4UfynWgcJWVGsU","Virlan Garcia","Híbrido","Sony Music México",83,167,306,"116780"
185,"spotify:track:4srcMdbm2qzVG98tJajHxp","Alejo, Feid, ROBI","Pantysito","UMLE - Latino",51,186,135,"116314"
186,"spotify:track:0cOa970mzTWAxKtltpkpLc","TINI, Maria Becerra","Miénteme","Sony Music Latin",18,187,393,"115491"
187,"spotify:track:6vPAmoERUMRoTZaCCSWQ12","Luis Miguel","Hasta Que Me Olvides","WEA Latina",7,195,846,"115279"
188,"spotify:track:0mBP9X2gPCuapvpZ7TGDk3","Charlie Puth, Jung Kook, BTS","Left and Right (Feat. Jung Kook of BTS)","Atlantic Records",20,189,38,"115023"
189,"spotify:track:1Uy7p71RYE0uRvA6Kirr3O","Julión Álvarez y su Norteño Banda","Terrenal","UMLE - Disa",30,159,43,"114959"
190,"spotify:track:3UgduSS2bCMmatRox69u3g","Gianluca Grignani","Mi Historia Entre Tus Dedos - Remastered 2020","Universal Music Italia srL.",188,199,4,"114918"
191,"spotify:track:3lz3pZ0Jd5XtB4PfgvcHg1","Santa Fe Klan","Mar y Tierra","Cuatro Siete Tres Music",26,197,118,"114377"
192,"spotify:track:5gflgO9EPbIBf16n5TKnQS","Zion & Lennox","Yo Voy (feat. Daddy Yankee)","Baby Records Inc",74,193,154,"113406"
193,"spotify:track:62ke5zFUJN6RvtXZgVH0F8","Paloma Faith","Only Love Can Hurt Like This","RCA Records Label",142,198,29,"113327"
194,"spotify:track:4kXxEhuatrvwrTQycA7s9B","ROSALÍA","BIZCOCHITO","Columbia",49,-1,68,"112721"
195,"spotify:track:3p2KYoBgxUaaoJzXUToM8a","Cartel De Santa","Todas Mueren por Mí","Ariola",66,-1,368,"112653"
196,"spotify:track:6rmVv5Nh80OfI8qWxHiyY2","Julión Álvarez y su Norteño Banda","Y Así Fue","UMLE - Fonovisa",28,175,43,"112617"
197,"spotify:track:4UyVCLbNG8yhrqbzeSmdho","Black Eyed Peas, Shakira, David Guetta","DON'T YOU WORRY","Epic",120,-1,38,"112230"
198,"spotify:track:3NqBxTOMCJ3zW9CIP51td4","Eslabon Armado, DannyLux","Jugaste y Sufrí","DEL Records",31,200,323,"112182"
199,"spotify:track:71iAechwVKGu26pahzFL0k","Morat","Cuando Nadie Ve","Universal Music Spain S.L.",12,-1,677,"111945"
200,"spotify:track:5RubKOuDoPn5Kj5TLVxSxY","Bad Bunny","TE MUDASTE","Rimas Entertainment LLC",2,-1,585,"111602"
