rank,uri,artist_names,track_name,source,peak_rank,previous_rank,days_on_chart,streams
1,"spotify:track:2JPLbjOn0wPCngEot2STUS","Bad Bunny","Yonaguni","Rimas Entertainment LLC",1,1,12,"569910"
2,"spotify:track:4fSIb4hdOQ151TILNsSEaF","Rauw Alejandro","Todo De Ti","Sony Music Latin/Duars Entertainment",1,2,27,"388360"
3,"spotify:track:7Bk0uXKk1uPT0XuQbpFzvs","Los Legendarios, Wisin, JHAYCO","Fiel","La Base Music Group/ WK Records",1,3,131,"259638"
4,"spotify:track:6hf0RpxTbOprT5nnwzkk8e","J Balvin, Maria Becerra","Qué Más Pues?","Sueños Globales, LLC",4,5,19,"254577"
5,"spotify:track:2rCbl9naJYhaxjLsfx88uM","Sebastian Yatra, Myke Towers","Pareja Del Año","UMLE - Latino",1,4,61,"244613"
6,"spotify:track:2dNhNlpZAtV4lwAFW45LIv","Nio Garcia, Flow La Movie","AM","Flow La Movie, Inc.",2,6,87,"232997"
7,"spotify:track:71R8HJxQk5qMiRstrlXN9t","Rauw Alejandro, Mr. Naisgai","2/Catorce","Sony Music Latin/Duars Entertainment",5,7,92,"196445"
8,"spotify:track:2FSGUA0gFgGeQdprjtGM2M","KAROL G, Mariah Angeliq","EL MAKINON","UMLE - Latino",4,8,82,"172395"
9,"spotify:track:2p2Q23iaaPSEa1tI6TsCVX","Sech","911","Rich Music",2,9,131,"163615"
10,"spotify:track:0cOa970mzTWAxKtltpkpLc","TINI, Maria Becerra","Miénteme","Sony Music Latin",10,10,47,"157670"
11,"spotify:track:5jzEwSyyymBlf1fa1o39T2","Mora, JHAYCO","512","Rimas Entertainment LLC",10,11,131,"156319"
12,"spotify:track:1xK1Gg9SxG8fy2Ya373oqb","Myke Towers, Juhn","Bandido","White World Music",1,12,187,"153581"
13,"spotify:track:4MzXwWMhyBbmu6hOcLVD49","Bad Bunny, JHAYCO","DÁKITI","Rimas Entertainment LLC",1,13,229,"146386"
14,"spotify:track:7xT1n5JKpB0bMPh6FL589e","Crissin, Totoy El Frio, Natan & Shander","Poblado","Kapital Music & Entertainment",8,14,50,"144920"
15,"spotify:track:2TmT3wSwRf0CYJFGGaIXNB","Arcángel, Jay Wheeler, Miky Woodz","Si Te Veo","Rimas Entertainment LLC.",15,16,40,"130037"
16,"spotify:track:6qraVL4IJaIj0IuEexYJNa","Myke Towers","Explícito","White World Music",6,15,182,"129902"
17,"spotify:track:5u7twkeask1VIyDeNTElSU","Sech","Sal y Perrea","Rich Music",11,17,61,"125161"
18,"spotify:track:2XIc1pqjXV3Cr2BQUGNBck","Bad Bunny, ROSALÍA","LA NOCHE DE ANOCHE","Rimas Entertainment LLC",2,18,201,"124304"
19,"spotify:track:2MnLkFqY9Rpg9s3Zv6ZJdK","Gera MX, Christian Nodal","Botella Tras Botella","Virgin Music México",8,19,54,"119454"
20,"spotify:track:3SgybTfx3GWHAcjhK9iPmz","Jossef, Jamby El Favo, Eix","Persia - Remix","JR Records, LLC",20,20,49,"118470"
21,"spotify:track:2mM3gZ0BbPwPPMelbA8vgt","Milly, Farruko, Nio Garcia, Jay Wheeler, Amenazzy","No Te Enamores - Remix","Carbon Fiber Music",7,21,205,"106974"
22,"spotify:track:4ZtFanR9U6ndgddUvNcjcG","Olivia Rodrigo","good 4 u","Olivia Rodrigo PS",17,22,33,"102266"
23,"spotify:track:4loQgPwJHocL3dFwLfjb1J","Rauw Alejandro, Anuel AA","Reloj","Sony Music Latin/Duars Entertainment",4,24,236,"97741"
24,"spotify:track:079Ey5uxL04AKPQgVQwx5h","Selena Gomez, Rauw Alejandro","Baila Conmigo (with Rauw Alejandro)","Selena Gomez Latin Project",10,23,138,"97709"
25,"spotify:track:3VvA1wSxukMLsvXoXtlwWx","Boza","Hecha Pa' Mi","Sony Music Latin",3,26,211,"96274"
26,"spotify:track:59rjsHYxdxeUG6gd43Emzs","Lunay, Anitta","TODO O NADA","La Familia",26,27,26,"95845"
27,"spotify:track:5RAIMjdrCEjpjaR5tBATXU","Maluma, Beéle, Rauw Alejandro, Mambo Kingz, DJ Luian, Darell","Aloha","Hear This Music",21,28,103,"93248"
28,"spotify:track:1VauUM5CBX7nkLcgafQL2B","Bizarrap, Eladio Carrion","Eladio Carrion: Bzrp Music Sessions, Vol. 40","DALE PLAY Records",22,25,6,"91407"
29,"spotify:track:4DHDIdeayp8xvlyg22wREO","NATTI NATASHA, Becky G","Ram Pam Pam","Sony Music Latin",27,29,54,"89863"
30,"spotify:track:0VWLId2RwPCno9s1cJm2Vy","Nio Garcia, Casper Magico, Ozuna, Wisin & Yandel, Myke Towers, Flow La Movie","Travesuras - Remix","Flow La Movie, Inc",10,30,96,"87614"
31,"spotify:track:6Et5KimMg3IXwD6lJPGmQw","Alex Rose, Rauw Alejandro","Me Fije","WK Records",24,31,89,"87052"
32,"spotify:track:5YYW3yRktprLRr47WK219Y","Rochy RD, Myke Towers, Nicki Nicole","Ella No Es Tuya - Remix","Sony Music Latin",3,33,132,"83019"
33,"spotify:track:5VzNsUnLmYcRfRfxpQsusa","Manuel Turizo, Rauw Alejandro, Myke Towers","La Nota","Sony Music Latin/La Industria",3,32,250,"82696"
34,"spotify:track:2L95U6syP0bV3fkYYOzmiW","El Alfa, El Cherry Scom, CJ","La Mamá de la Mamá","EL JEFE RECORDS LLC",15,34,53,"80344"
35,"spotify:track:5RubKOuDoPn5Kj5TLVxSxY","Bad Bunny","TE MUDASTE","Rimas Entertainment LLC",2,35,201,"79745"
36,"spotify:track:1Ymx1Q7EXkxd7FwKypAQ6o","El Futuro Fuera De Orbita, Harry Nach, La Nevula23 Productor","Juju Juju","Avatal Records LLC",6,36,131,"79488"
37,"spotify:track:1mauYRwbpoGQX6itP2FAJC","Nicky Jam, Romeo Santos","Fan de Tus Fotos","Sony Music Latin",18,39,127,"78864"
38,"spotify:track:6eJByXrWWVrFK9nxmBZryt","Pailita, Marcianeke","Dimelo Ma","2024 Rimas Entertainment México S.A. de C.V",37,37,38,"78606"
39,"spotify:track:3ymRYcYHxXMmyvCaKcJ46k","Ak4:20","Skyline","AK4:20",15,41,178,"76993"
40,"spotify:track:5y7DaS3jAc9eZzcSOoUIwU","Ozuna, J Balvin, Chencho Corleone","Una Locura","Aura Music Corp.",2,43,285,"75970"
41,"spotify:track:2bgTY4UwhfBYhGT4HUYStN","BTS","Butter","BIGHIT MUSIC",11,38,26,"75039"
42,"spotify:track:68mrW6gXHgupgSiDHgaDi5","Nicky Jam, Myke Towers","Polvo","Sony Music Latin",7,42,208,"74798"
43,"spotify:track:3YNolHalg56UrvPabqw6JP","Juhn, Jay Wheeler","Fragancia","This is M Records",31,40,33,"74516"
44,"spotify:track:5vQy9fwVJTeLsaX9IOpCcp","KAROL G, Wisin & Yandel, Nicky Jam, Ivy Queen, Zion, Alberto Stylee","LEYENDAS","UMLE - Latino",29,44,82,"70772"
45,"spotify:track:1Crj1zkRMpsEjb9NOR6Zof","Bizarrap, L-Gante","L-Gante: Bzrp Music Sessions, Vol.38","DALE PLAY Records",31,45,97,"68983"
46,"spotify:track:4PEfJZpVjdclfzZ9XO8uDw","KEVIN ROLDAN, Bryant Myers, Lyanno","HASTA ABAJO","UMLE - Latino",17,46,383,"68103"
47,"spotify:track:2f0Ft2XdvNSMSY5TUlZgEz","Pablo Alborán","Saturno","WM Spain",47,48,295,"67962"
48,"spotify:track:4C6BlqqMwjFzOXzqpTeoWR","Justin Quiles","Ponte Pa' Mi","WEA Latina",11,47,208,"67432"
49,"spotify:track:2dl5K2ScW7jYhAhuem06cm","Daddy Yankee","PROBLEMA","Republic Records",15,50,110,"66325"
50,"spotify:track:7MAibcTli4IisCtbHKrGMh","Bruno Mars, Anderson .Paak, Silk Sonic","Leave The Door Open","Aftermath Entertainment/Atlantic",28,49,103,"66294"
51,"spotify:track:1C91EF0FrgTMat91LnsiUh","Ak4:20","Siempre Fine","AK4:20",6,51,88,"58955"
52,"spotify:track:72NnJdEsAgTlnguInmxveg","Marcianeke, Cris Mj","Tussi Code Mari","EL VALLE DE LOS REYES",52,52,50,"58639"
53,"spotify:track:4iJyoBOLtHqaGxP12qzhQI","Justin Bieber, Daniel Caesar, GIVĒON","Peaches (feat. Daniel Caesar & Giveon)","RBMG/Def Jam",14,53,89,"58279"
54,"spotify:track:0EhpEsp4L0oRGM0vmeaN5e","J Balvin, Dua Lipa, Bad Bunny, Tainy","UN DIA (ONE DAY) (Feat. Tainy)","Universal Music Latino/ NEON16",4,54,327,"57912"
55,"spotify:track:67BtfxlNbhBmCDR2L2l8qd","Lil Nas X","MONTERO (Call Me By Your Name)","Columbia",37,55,80,"56684"
56,"spotify:track:2bgcUk2A3jjKbCJ7KPquTi","Wisin, Myke Towers, Los Legendarios","Mi Niña","La Base Music Group/ WK Records",10,56,265,"55824"
57,"spotify:track:09WuqcTbf8iMRn8W4N8xBX","Manuel Turizo, Wisin & Yandel","Mala Costumbre","Sony Music Latin/La Industria",30,60,159,"55294"
58,"spotify:track:4iDhQFNWG6uHWi7LOKhmkP","J Balvin, Jay Wheeler","OTRO FILI","Sueños Globales, LLC",57,57,5,"53644"
59,"spotify:track:6HU7h9RYOaPRFeh0R3UeAr","Olivia Rodrigo","deja vu","Olivia Rodrigo PS",37,59,75,"53451"
60,"spotify:track:37BZB0z9T8Xu7U3e65qxFy","The Weeknd, Ariana Grande","Save Your Tears (with Ariana Grande) (Remix)","Republic Records",47,58,54,"53074"
61,"spotify:track:5nujrmhLynf4yMoMtj8AQF","Dua Lipa, DaBaby","Levitating (feat. DaBaby)","Warner Records",47,62,229,"52693"
62,"spotify:track:748mdHapucXQri7IAO8yFK","Doja Cat, SZA","Kiss Me More (feat. SZA)","Kemosabe Records/RCA Records",51,61,65,"52391"
63,"spotify:track:2tFwfmceQa1Y6nRPhYbEtC","JHAYCO, Bad Bunny","CÓMO SE SIENTE - Remix","N&E Entertainment LLC",1,63,402,"50670"
64,"spotify:track:4jOBQxq4Ffd8DDrsN4wPOR","JHAYCO","Christian Dior","N&E Entertainment LLC",24,65,96,"50197"
65,"spotify:track:4HYDUMY0xSpeBr0AMY9cUz","Jay Wheeler, DJ Nelson, Myke Towers","La Curiosidad","Linked Music / Dynamic Records / EMPIRE",1,66,369,"49169"
66,"spotify:track:6tDDoYIxWvMLTdKpjFkc1B","Kali Uchis","telepatía","EMI / Interscope",11,64,129,"48826"
67,"spotify:track:0VjIjW4GlUZAMYd2vXMi3b","The Weeknd","Blinding Lights","Republic Records",13,69,536,"47062"
68,"spotify:track:5wANPM4fQCJwkGd4rN57mH","Olivia Rodrigo","drivers license","Olivia Rodrigo PS",25,67,157,"46372"
69,"spotify:track:1WvrDdouh6C51In1SdATbq","KAROL G","BICHOTA","UMLE - Latino",2,68,236,"46313"
70,"spotify:track:7LE1K0lZyRFZjSlrnm7lfD","Jay Wheeler, Myke Towers, Rauw Alejandro, DJ Nelson, JHAYCO, Lunay, Kendo Kaponi","La Curiosidad (feat. Dj Nelson, JHAYCO, Lunay & Kendo Kaponi) - Blue Grand Prix Remix","Linked Music / Dynamic Records / EMPIRE",18,70,180,"45645"
71,"spotify:track:478g4LSkyMB1PMkVOVmIaE","KAROL G, Anuel AA, J Balvin","LOCATION","UMLE - Latino",30,72,124,"44467"
72,"spotify:track:1yoMvmasuxZfqHEipJhRbp","Maluma","Hawái","Sony Music Latin",1,74,321,"43924"
73,"spotify:track:5JCoSi02qi3jJeHdZXMmR8","Olivia Rodrigo","favorite crime","Olivia Rodrigo PS",68,71,26,"43847"
74,"spotify:track:2B4nQ6yvVVBMqfgOrYtubb","Sech","Wao","Rich Music",54,76,61,"42096"
75,"spotify:track:7Bd1mIvqRkIXTPAzw2wBmT","Ricky Martin, Paloma Mami","Qué Rico Fuera","Sony Music Latin",51,73,5,"41963"
76,"spotify:track:1UmZpd5navRsg2ukqCKJjc","Mora, Lunay","Cuando Sera","Rimas Entertainment LLC",25,77,131,"41737"
77,"spotify:track:4r9jkMEnArtWGH2rL2FZl0","Bad Bunny","A Tu Merced","Rimas Entertainment LLC",9,75,472,"41721"
78,"spotify:track:3PfIrDoz19wz7qK7tYeu62","Dua Lipa","Don't Start Now","Warner Records",20,78,592,"40598"
79,"spotify:track:2AxLTHG7lOBmnyB5FmOMwz","Pablo Chill-E, Julianno Sosa","Deseos","G*STARR ENT",79,82,5,"39801"
80,"spotify:track:57Ba26w9eoXx8BBUNgRNLV","Super Yei, Sammy Baby, Jone Quest, Myke Towers, Lenny Tavárez, Rafa Pabön","La Forma en Que Me Miras","2020 Superiority | Powered by GLAD EMPIRE, LLC",33,85,1038,"39727"
81,"spotify:track:6RV9pRLIQiXm3qTGeyQluf","Camilo, Evaluna Montaner","Machu Picchu","Sony Music Latin",19,79,106,"39536"
82,"spotify:track:5iF33sXejXwfTuidVHMll0","Carlos Vives, Ricky Martin","Canción Bonita","Sony Music Latin",82,86,61,"39217"
83,"spotify:track:69vlMrzHwATKzupwNcUPyK","Bad Bunny, Daddy Yankee","La Santa","Rimas Entertainment LLC",3,84,473,"39136"
84,"spotify:track:21N4Buj4xsyLb218lYle61","Sebastian Yatra, Guaynaa","Chica Ideal","UMLE - Latino",9,83,243,"39093"
85,"spotify:track:0fea68AdmYNygeTGI4RC18","J Balvin, Bad Bunny","LA CANCIÓN","Universal Music Latino / Rimas",4,81,718,"39040"
86,"spotify:track:5CZ40GBx1sQ9agT82CLQCT","Olivia Rodrigo","traitor","Olivia Rodrigo PS",67,80,26,"38837"
87,"spotify:track:2tGvwE8GcFKwNdAXMnlbfl","Olivia Rodrigo","happier","Olivia Rodrigo PS",81,87,26,"38319"
88,"spotify:track:7G1o084VGIPA5TAbUSgADQ","KEVVO, Arcángel, Becky G, Darell","Te Va Bien (feat. Darell)","Interscope Miami - Kevvo",36,90,103,"38266"
89,"spotify:track:3MvpSDePWyiVxheU1eff6L","Lenny Tavárez, Zion & Lennox","Me Enamora","WEA Latina",61,88,54,"38027"
90,"spotify:track:4RJz8NfIe09gpKMiRUWKhJ","Maluma, Lenny Tavárez, Justin Quiles","Parce (feat. Justin Quiles)","Sony Music Latin",16,89,299,"36915"
91,"spotify:track:7fz7HrFRF4y8YEe0duWTDW","Trueno, Duki","PANAMÁ","2021 Sur Capital Records (por Tierra Agencia)",84,91,12,"36910"
92,"spotify:track:6UelLqGlWMcVH1E5c4H7lY","Harry Styles","Watermelon Sugar","Columbia",51,93,402,"36615"
93,"spotify:track:2n7ohqg1s68ToAHh4u9mcW","Bad Bunny","Vete","Rimas Entertainment LLC",1,92,572,"36356"
94,"spotify:track:5eaLGyPrVG7FbZ5vVnBm93","Blessd, Maluma","IMPOSIBLE - REMIX","Sony Music Latin",80,95,12,"35684"
95,"spotify:track:35wvL50xvKpCHEJPxLOLPI","Bad Bunny","Si Estuviésemos Juntos","Rimas Entertainment LLC",7,94,901,"35053"
96,"spotify:track:3Zf4GutWZ7Hv3wsVQsSQPs","Camilo, El Alfa","BEBÉ","Sony Music Latin",19,96,202,"34904"
97,"spotify:track:0s3EXMb8Wk2u46Fuhk3O2e","Marcianeke","Que Sera","1607751 Records DK",97,97,37,"34806"
98,"spotify:track:4G3PTss3mU33Tau7t4KbwE","Rauw Alejandro, Camilo","Tattoo - Remix with Camilo","Sony Music Latin/Duars Entertainment",3,98,341,"34753"
99,"spotify:track:66S2z95FN3nUAr9S1gUIsp","Boza","Ella","Sony Music Latin",99,100,45,"34393"
100,"spotify:track:7wWqLiOmDfjGTwrz95niTD","Ak4:20","Rata Tan Tan","Next Level",31,102,256,"33675"
101,"spotify:track:4M4DTyLupKvbJKlE4I4EYq","FMK, Tiago PZK, LIT killah, Rusherking","YO SE QUE TU (feat. Rusherking)","Columbia",70,104,34,"33384"
102,"spotify:track:26QApq0cuO9brJigr0C0W4","Bad Bunny","HACIENDO QUE ME AMAS","Rimas Entertainment LLC",4,99,201,"33288"
103,"spotify:track:4R8BJggjosTswLxtkw8V7P","JHAYCO, J Balvin, Bad Bunny","No Me Conoce - Remix","N&E Entertainment LLC",2,108,761,"33240"
104,"spotify:track:0kRU83ecI57Iw1kPTeUwK5","Manuel Turizo, Maluma","Amor en Coma","Sony Music Latin/La Industria",78,101,68,"33223"
105,"spotify:track:5J7teKIJGtqVypgYI6sqXj","Bad Bunny, Mora","Una Vez","Rimas Entertainment LLC",15,107,471,"32764"
106,"spotify:track:15OjBeqNX3bShsGYQbteRv","Farruko","La Tóxica","Sony Music Latin",2,105,327,"32763"
107,"spotify:track:2Q7KYjCv7XaLc0KRGY9m50","Jeeiph","Bonita","Universal Music Latino/UMLE",66,109,234,"32679"
108,"spotify:track:00szcRmgqJGtqrfIUYkM1h","Piso 21, Maluma","Más De La Una","WM Mexico",56,112,192,"32657"
109,"spotify:track:24YLHalbl2ePQbEXiKqKcP","Lunay, Chris Jedi, Chencho Corleone","VUDÚ","La Familia",51,106,26,"32619"
110,"spotify:track:3EfqlNLh9HHLh8YkmezU5h","Rauw Alejandro, Wisin","Una Noche","Duars Entertainment, Corp.",83,103,79,"32260"
111,"spotify:track:35UUpTmrcFXNIVIN26ujXl","Sech, Daddy Yankee, J Balvin, ROSALÍA, Farruko","Relación - Remix","Rich Music",2,110,285,"32227"
112,"spotify:track:2E5AxSvxrnRsaExLe1aaXI","Micro TDH, Myke Towers","EL TREN","WEA Latina",80,113,41,"31668"
113,"spotify:track:6PDlkWmrq2ZKiUuFt2aQsH","Justin Quiles, Chimbala, Zion & Lennox","Loco","WEA Latina",113,118,28,"31541"
114,"spotify:track:7meQTf97i7gyAzeHTLIytv","Nio Garcia, Rauw Alejandro, Lenny Tavárez, Myke Towers, Casper Magico, Darell","Mírame - Remix","Flow La Movie, Inc.",17,116,600,"31525"
115,"spotify:track:2TH65lNHgvLxCKXM3apjxI","Bad Bunny, Tainy","Callaita","Rimas Entertainment LLC",1,119,746,"31459"
116,"spotify:track:5wFI6bHnr4bwwnQGnADRHG","JC Reyes, Camin","34 Amor y Mafia","JC Reyes",103,111,85,"31205"
117,"spotify:track:5KFHrrBMyGj5MhVbZMM3ts","J Balvin","Tu Veneno","Sueños Globales, LLC",37,120,89,"30919"
118,"spotify:track:74UFJflGMdA46TltO7XPSB","KHEA, Maria Becerra","Te Necesito","Young Flex - Khea",67,115,33,"30831"
119,"spotify:track:6VOb0Kkrd45Bp5RHYSla2J","Reik, Maluma","Perfecta","Sony Music México",117,117,19,"30816"
120,"spotify:track:6dyUkkcyYuDiHOwIRXYOJm","Wisin, Yandel, Farruko, Jon Z, Don Chezina, Chencho Corleone, Myke Towers","3G (feat. Jon Z, Don Chezina, Chencho Corleone & Myke Towers) - Remix","Sony Music Latin",59,128,144,"30583"
121,"spotify:track:28sOLLPgDAdBzDuhkuuLhz","Noriel, Manuel Turizo","Mala Influencia","Sony Music Latin/Ganda Entertainment",110,124,12,"30443"
122,"spotify:track:6NfrH0ANGmgBXyxgV2PeXt","Bad Bunny","La Difícil","Rimas Entertainment LLC",1,123,473,"30314"
123,"spotify:track:6fmQjRuo7XvRFCK2qex5hQ","Jerry Di","Mi Cuarto","Nacho",10,122,310,"30287"
124,"spotify:track:615XWyY2RPfk3iuYcU6qvi","KAROL G, Camilo","CONTIGO VOY A MUERTE","UMLE - Latino",87,121,55,"30028"
125,"spotify:track:3FhiU60cxfN2j4jRy5Y40w","Cauty, Lenny Tavarez, Jay Wheeler, Noriel, Alex Rose","Lloras - Remix","eOne Music",75,125,343,"29963"
126,"spotify:track:4saklk6nie3yiGePpBwUoc","BTS","Dynamite","BIGHIT MUSIC",16,114,298,"29861"
127,"spotify:track:41wtwzCZkXwpnakmwJ239F","Bad Bunny","Si Veo a Tu Mamá","Rimas Entertainment LLC",4,126,472,"29753"
128,"spotify:track:4nTduFjaTmGysc9WKNuCcs","Camilo","Vida de Rico","Sony Music Latin",7,127,267,"29720"
129,"spotify:track:2MaYHbpwybBOm9CrDBfChl","Manuel Turizo, Justin Quiles, Dalex","Cosas Malas","Sony Music Latin/La Industria",68,132,68,"29636"
130,"spotify:track:0JAZWvvqttGFm4UMDsPQXC","Ozuna, Camilo","Despeinada","Aura Music Corp.",10,131,286,"29438"
131,"spotify:track:3lCbsHaN1wCxyDzcNN2x4N","Migrantes, Alico","Si Me Tomo Una Cerveza","LEB Records",12,134,211,"29138"
132,"spotify:track:5QO79kh1waicV47BqGRL3g","The Weeknd","Save Your Tears","Republic Records",53,129,159,"29087"
133,"spotify:track:1ESyXyXxZmII2sXhMVpk9D","Luis Fonsi, Myke Towers","Bésame","UMLE - Latino",83,133,12,"29013"
134,"spotify:track:2DEZmgHKAvm41k4J3R2E9Y","Bad Bunny, Jowell & Randy, Ñengo Flow","Safaera","Rimas Entertainment LLC",1,137,472,"28725"
135,"spotify:track:3djBdcsRuVxM6S7NJbtmyI","Marcianeke, yammir, Young Brooklyn, Victor La Voz, NicoClear","Chambee - Remix","Records DK",134,138,27,"28224"
136,"spotify:track:7I8L3vYCLThw2FDrE6LuzE","Rusherking, KHEA, Duki, Maria Becerra, LIT killah, Tiago PZK","Además de Mí - Remix","Rusherking",25,136,103,"28217"
137,"spotify:track:0MMyJUC3WNnFS1lit5pTjk","Olivia Rodrigo","jealousy, jealousy","Olivia Rodrigo PS",95,130,26,"28162"
138,"spotify:track:38RIEav39FGi86jppxO0du","Bad Bunny, Sech","Ignorantes","Rimas Entertainment LLC",1,135,488,"28131"
139,"spotify:track:6ifUES3keWjwXgae8pXI3o","Danny Ocean","Me Rehúso","Atlantic Records",1,139,1539,"27695"
140,"spotify:track:1JSTJqkT5qHq8MDJnJbRE1","The Police","Every Breath You Take","Polydor Records",94,146,575,"27415"
141,"spotify:track:7BoobGhD4x5K96Me0hqC8Q","Bella Poarch","Build a Bitch","Warner Records",132,141,30,"27385"
142,"spotify:track:5stPVcRqb4qixbafP9e8lt","Dalex, Lenny Tavárez, Chencho Corleone, Juhn, Dímelo Flow","Hola - Remix","Rich Music",2,150,593,"26856"
143,"spotify:track:1beTDCe7sT7fzm8WIKXicz","KAROL G","Ay, DiOs Mío!","UMLE - Latino",3,140,341,"26797"
144,"spotify:track:3dEtfTtCXWW7N8WQ9FD29z","Lyanno, Rauw Alejandro, Lenny Tavárez, Maria Becerra","En Tu Cuerpo - Remix","Rimas Entertainment LLC",55,143,283,"26539"
145,"spotify:track:6SRsiMl7w1USE4mFqrOhHC","Olivia Rodrigo","brutal","Olivia Rodrigo PS",68,142,26,"26506"
146,"spotify:track:3GtnId3Cm1Xa6joCj08nzW","Justin Quiles","Jeans","WEA Latina",4,147,306,"26340"
147,"spotify:track:06s3QtMJVXw1AJX3UfvZG1","Anuel AA, Bad Bunny","Hasta Que Dios Diga","2020 Real Hasta La Muerte, LLC",1,154,383,"26305"
148,"spotify:track:6bvfJf4KjonPMuPfGfy3S2","Nio Garcia, Anuel AA, Myke Towers, Brray, Juanka","La Jeepeta - Remix","Flow La Movie, Inc.",1,156,418,"26120"
149,"spotify:track:2LtTHIXTaFwvY9oLOThElU","Maria Becerra, Tiago PZK","Cazame","300 Entertainment",144,144,5,"26092"
150,"spotify:track:1v1oIWf2Xgh54kIWuKsDf6","AURORA","Runaway","Decca (UMO)",53,145,71,"25911"
151,"spotify:track:0dKg2vGC1hFqcK5LGTaKzX","KAROL G, Nicki Minaj","Tusa","UMLE - Latino",1,152,586,"25790"
152,"spotify:track:7EkWXAI1wn8Ii883ecd9xr","Surf Curse","Freaks","Surf Curse",148,148,6,"25632"
153,"spotify:track:5H6SZcjJzBNsB2VzKW2Ivd","Ozuna","Tiempo","Aura Music Corp.",66,157,40,"25594"
154,"spotify:track:6KEb17S00Inf0v1qYDgUAj","Duki, Bizarrap","Malbec","SSJ Records / DALE PLAY Records",108,151,54,"25422"
155,"spotify:track:2KTCXvWUbqfiinbFe7PJKP","NATTI NATASHA, Cazzu, FARIANA, La Duraca","Las Nenas (feat. La Duraca)","Sony Music Latin",91,155,98,"25417"
156,"spotify:track:7D93pJcwymzaZx8WgBo2zG","Rauw Alejandro","Algo Mágico","Sony Music Latin/Duars Entertainment",99,149,162,"25405"
157,"spotify:track:43qcs9NpJhDxtG91zxFkj7","Wisin, JHAYCO, Anuel AA, Los Legendarios, Myke Towers","Fiel - Remix","La Base Music Group/ WK Records",157,-1,1,"25371"
158,"spotify:track:39LLxExYz6ewLAcYrzQQyP","Dua Lipa","Levitating","Warner Records",91,153,71,"25257"
159,"spotify:track:2DBIgoTbNKohMj9vLlgMOK","Marcianeke","Pistolas Con Chip","EL VALLE DE LOS REYES",159,159,9,"25234"
160,"spotify:track:5hdC21tIe4PuO2nAU5A9lC","Marcianeke","Envidia","EL VALLE DE LOS REYES",160,162,10,"25077"
161,"spotify:track:1Ikhfas59u6TNuCdarNWzJ","Dehilan, Nico Mastre, Pablo Chill-E, Yiordano Ignacio, Carlitos Junior, Keylon","Mala Piola - Remix","VIBRAMUSIC",130,160,16,"24774"
162,"spotify:track:017PF4Q3l4DBUiWoXk4OWT","Dua Lipa","Break My Heart","Warner Records",49,158,443,"24754"
163,"spotify:track:50MM1jSSqo8LndyiLsCO92","Drago200, Pablo Chill-E, Ak4:20","No Está Interesada","Nabru Records LLC",81,166,248,"24518"
164,"spotify:track:33xXoj49p8LSUqIsRPxFOO","Simon la Letra, Pablo Chill-E","Bloqueame","GGF",60,165,114,"24212"
165,"spotify:track:3pm4XtcsRIFFtH2UErk62R","Yandel, Bad Bunny","CANCIÓN CON YANDEL","Rimas Entertainment LLC",4,170,359,"24049"
166,"spotify:track:3YAnNBdk0uHyakXXzMbNJq","Camilo","Millones","Sony Music Latin",104,163,86,"24016"
167,"spotify:track:26w9NTiE9NGjW1ZvIOd1So","Bad Bunny","BOOKER T","Rimas Entertainment LLC",11,161,201,"24012"
168,"spotify:track:0MT6qJd7wKlWjH7tP7oWHi","KAROL G","EL BARCO","UMLE - Latino",59,167,83,"23586"
169,"spotify:track:1J14CdDAvBTE1AJYUOwl6C","Duncan Laurence","Arcade","Universal Music, a division of Universal International Music BV",101,169,88,"23174"
170,"spotify:track:1yc7ERfIzFxPP1E0OFRvp0","CNCO","Tan Enamorados","Sony Music Latin",110,172,154,"23025"
171,"spotify:track:4Ixc50wY5pbUvNEogTQ2wL","Bad Bunny, Luar La L","100 MILLONES","Rimas Entertainment LLC",46,168,19,"23020"
172,"spotify:track:6eTCWWKBtnJI9Ui9OlLEyO","Movimiento Original, Nanpa Básico","Verte Cerquita","Movimiento Original",127,179,196,"22977"
173,"spotify:track:47ZS1OjnJpJVfGN9yHXfMn","Alex Rose, Rauw Alejandro, Lenny Tavárez, Cazzu, Lyanno","Toda (Remix)","Los Oídos Fresh",8,174,611,"22936"
174,"spotify:track:7kjEqI6eZ7YlFrGhxixnlN","Bad Bunny","ANTES QUE SE ACABE","Rimas Entertainment LLC",12,171,82,"22828"
175,"spotify:track:7gwwt1IaAWwmB7af0AcuBM","Harry Nach","Tak Tiki Tak","Sony Music Entertainment Chile S.A",7,175,511,"22672"
176,"spotify:track:161DnLWsx1i3u1JT05lzqU","Bruno Mars","Talking to the Moon","Atlantic Records",131,178,72,"22633"
177,"spotify:track:3jjujdWJ72nww5eGnfs2E7","Harry Styles","Adore You","Columbia",85,173,470,"22631"
178,"spotify:track:35nO174gX5eCh9mPWvUe3s","Morat, Danna Paola","Idiota","Universal Music Spain S.L.",96,164,12,"22468"
179,"spotify:track:0iWxrdjwEGOrTC9AszgAJk","Jay Wheeler","Viendo el Techo","Linked Music / Dynamic Records / EMPIRE",63,176,66,"22336"
180,"spotify:track:13Tbv4nflNxg9kYBIbJnd9","Rauw Alejandro","Dile a El","Sony Music Latin/Duars Entertainment",75,183,209,"22319"
181,"spotify:track:3ke6it1vTmHtz2ApcIVUz5","Bizarrap, Snow Tha Product","Snow Tha Product: Bzrp Music Sessions, Vol. 39","DALE PLAY Records",57,177,48,"22038"
182,"spotify:track:6G4U9avyBNEfP0fAIduev3","Aventura, Don Omar","Ella Y Yo - Featuring Don Omar","Premium Latin Music",119,187,689,"21879"
183,"spotify:track:5ddFjrPG8NgQQ6xlOQIVd2","C. Tangana, Niño de Elche, La Húngara","Tú Me Dejaste De Querer","Sony Music Entertainment",28,188,222,"21843"
184,"spotify:track:5vdp5UmvTsnMEMESIF2Ym7","Queen","Another One Bites The Dust - Remastered 2011","EMI",42,198,650,"21740"
185,"spotify:track:4QmL5s4KnF8YVm2SN3z0dx","Ak4:20","Hipócritas","Ak4:20",53,197,56,"21731"
186,"spotify:track:1WH3iquIQXnSPwUzlROT8R","Manuel Turizo","Quiéreme Mientras Se Pueda","Sony Music Latin/La Industria",50,193,405,"21680"
187,"spotify:track:5SwmyTluTfm4Tb97OyqIn5","Omy de Oro, Juhn","El Malo","Young Boss Entertainment f/s/o Omy de Oro",186,186,2,"21631"
188,"spotify:track:2fpKvUg9hxiKAOLuwfEdlJ","Foreign Teck, Justin Quiles, Jay Wheeler, Bryant Myers, Eladio Carrion, Tory Lanez","Conexión","WK Records",124,190,41,"21468"
189,"spotify:track:2CdTLdDjwZdVcm0bresVWx","J Balvin, Khalid","Otra Noche Sin Ti","Sueños Globales, LLC",63,182,67,"21461"
190,"spotify:track:5bQ9rtAfOUbPmuxjPK8zDp","Rauw Alejandro","Perreo Pesau'","Sony Music Latin/Duars Entertainment",100,181,183,"21430"
191,"spotify:track:5q2JbCNi4FcnglgPfxcV65","Anuel AA, Daddy Yankee, Zion & Lennox, Farruko, Wisin","Sola (Remix)","Spiff TV, LLC / Real Hasta La Muerte, Inc.",5,195,982,"21389"
192,"spotify:track:5EbtodsuLbxrFDH6j5avVS","Camilo, Pablo Alborán","El Mismo Aire - con Pablo Alborán","Sony Music Latin",25,191,345,"21350"
193,"spotify:track:0pAdxHHViL8JbBkCN6nfvq","Arte Elegante","Rompiendo las Cadenas","Arte Elegante",134,-1,24,"21150"
194,"spotify:track:1rgnBhdG2JDFTbYkYRZAku","Tones And I","Dance Monkey","Elektra (NEK)",4,-1,614,"21148"
195,"spotify:track:5mROvpdGeu1vSbZhZoay5O","Andy Rivera","Alguien Más","Andy Rivera",159,180,24,"21117"
196,"spotify:track:2TOzTqQXNmR2zDJXihjZ2e","Olivia Rodrigo","enough for you","Olivia Rodrigo PS",88,184,24,"21100"
197,"spotify:track:4A9u8OrzFYbxdjiydkNdUi","Papu DJ, L-Gante","L-Gante: RKT SESSIONS #1","PAPU DJ",95,189,117,"21033"
198,"spotify:track:2Oycxb8QbPkpHTo8ZrmG0B","Miley Cyrus, Dua Lipa","Prisoner (feat. Dua Lipa)","RCA Records Label",78,196,196,"21006"
199,"spotify:track:0GmiGIxXDNrePrHBpijYDp","Yannc, Darkiel, Eladio Carrion, Brray, Myke Towers","Sigue Bailandome","Full Harmony",4,-1,664,"20869"
200,"spotify:track:67jvGGbJmOmVonlyX3mNkV","Ozuna, KAROL G, Myke Towers","Caramelo - Remix","Aura Music Corp.",10,-1,301,"20769"
